,mntd10,mntd15,mntd20,mntd25,mntd30,mntd35,mntd40,mntd45,mntd50,mntd55,mntd60,mntd65,mntd70,mntd75,mntd80,mntd85,mntd90,mntd95,mntd100,mntd105,mntd110,mntd115,mntd120,mntd125,mntd130,mntd135,mntd140,mntd145,mntd150,mntd155,mntd160,mntd165,mntd170,mntd175,mntd180,mntd185,mntd190,mntd195,mntd200,mntd205,mntd210,mntd215,mntd220,mntd225,mntd230,mntd235,mntd240,mntd245,mntd250,mntd255,mntd260,mntd265,mntd270,mntd275,mntd280,mntd285,mntd290,mntd295,mntd300,mntd305,mntd310,mntd315,mntd320,mntd325,mntd330,mntd335,mntd340,mntd345,mntd350,mntd355,mntd360,mntd365,mntd370,mntd375,mntd380,mntd385,mntd390,mntd395,mntd400,mntd405,mntd410,mntd415,mntd420,mntd425,mntd430,mntd435,mntd440,mntd445,mntd450,mntd455,mntd460,mntd465,mntd470,mntd475,mntd480,mntd485,mntd490,mntd495,mntd500,mntd505,mntd510,mntd515,mntd520,mntd525,mntd530,mntd535,mntd540,mntd545,mntd550,mntd555,mntd560,mntd565,mntd570,mntd575,mntd580,mntd585,mntd590,mntd595,mntd600,mntd605,mntd610,mntd615,mntd620,mntd625,mntd630,mntd635,mntd640,mntd645,mntd650,mntd655,mntd660,mntd665,mntd670,mntd675,mntd680,mntd685,mntd690,mntd695,mntd700,mntd705,mntd710,mntd715,mntd720,mntd725,mntd730,mntd735,mntd740,mntd745,mntd750,mntd755,mntd760,mntd765,mntd770,mntd775,mntd780,mntd785,mntd790,mntd795,mntd800,mntd805,mntd810,mntd815,mntd820,mntd825,mntd830,mntd835,mntd840,mntd845,mntd850,mntd855,mntd860,mntd865,mntd870,mntd875,mntd880,mntd885,mntd890,mntd895,mntd900,mntd905,mntd910,mntd915,mntd920,mntd925,mntd930,mntd935,mntd940,mntd945,mntd950,mntd955,mntd960,mntd965,mntd970,mntd975,mntd980,mntd985,mntd990,mntd995,mntd1000,mntd1005,mntd1010,mntd1015,mntd1020,mntd1025,mntd1030,mntd1035,mntd1040,mntd1045,mntd1050,mntd1055,mntd1060,mntd1065,mntd1070,mntd1075,mntd1080,mntd1085,mntd1090,mntd1095,mntd1100,mntd1105,mntd1110,mntd1115,mntd1120,mntd1125,mntd1130,mntd1135,mntd1140,mntd1145,mntd1150,mntd1155,mntd1160,mntd1165,mntd1170,mntd1175,mntd1180,mntd1185,mntd1190,mntd1195,mntd1200,mntd1205,mntd1210,mntd1215,mntd1220,mntd1225,mntd1230,mntd1235,mntd1240,mntd1245,mntd1250,mntd1255,mntd1260,mntd1265,mntd1270,mntd1275,mntd1280,mntd1285,mntd1290,mntd1295,mntd1300,mntd1305,mntd1310,mntd1315,mntd1320,mntd1325,mntd1330,mntd1335,mntd1340,mntd1345,mntd1350,mntd1355,mntd1360,mntd1365,mntd1370,mntd1375,mntd1380,mntd1385,mntd1390,mntd1395,mntd1400,mntd1405,mntd1410,mntd1415,mntd1420,mntd1425,mntd1430,mntd1435,mntd1440,mntd1445,mntd1450,mntd1455,mntd1460,mntd1465,mntd1470,mntd1475,mntd1480,mntd1485,mntd1490,mntd1495,mntd1500,mntd1505,mntd1510,mntd1515
0.5,80.895424142,86.69663459233327,80.7372101016106,82.96738253980001,73.21756558991908,78.4592386329368,69.18756729625001,70.25306783653073,67.012543869946,66.5206344594663,62.957148809551505,61.68526603583658,62.40253099018264,58.28019319025506,58.17162256154313,56.86132453943965,50.41882932887331,53.23052101426483,51.5507995827141,52.893530095090455,50.314930247730004,50.45058606663883,47.2945117838626,47.209063668974295,48.092284669852695,45.224226485397544,46.273380655756725,44.60431510982251,45.653458435832114,44.25005147865576,43.34221550947775,43.715990981127796,41.40506091658654,41.745660424332605,41.38670994171405,40.032979847198234,40.077041421516405,40.48192763098575,39.64971426495728,38.680373440520555,39.83773881125679,38.75802750866257,38.52317707885864,37.73386082480098,38.08656666610286,37.36550104520799,35.48217228309748,34.647033150711465,36.59141072674177,36.44628010367206,35.25280597931404,36.24700203599946,34.75578430787193,35.44680348889244,34.87179416135963,35.10619436105981,34.17221012205879,34.21416428018151,34.15462912404646,33.11262712573665,33.920137154114684,33.042575799925245,33.645399094221204,32.6621607927677,32.702974948202225,32.42911721695592,32.33601529432792,31.364396671726325,31.967089446852388,31.46759489485123,31.205354868844466,31.48455709993155,30.709732164051697,30.231191385422715,30.602046755603908,30.125208367931275,30.512035608770454,30.217992472340306,30.049125168852548,29.858289928572,30.007337911156778,29.649180988078925,29.437436357401413,29.41542508178054,28.61425911017762,28.96834900537425,29.10379134627954,28.65949996377657,28.620751843384575,28.07683756014797,28.237680953648567,28.198213813596027,27.91399582866917,28.158768476529826,27.861007584237182,27.461606727231377,27.694016841291706,27.47372115048031,27.216383551211635,27.33389010152432,26.743409738257203,26.85574944461734,27.21862813061668,26.869642662107104,26.88133213834331,26.9833275621501,26.651255688352272,26.559943910148533,26.02251014455844,26.077780512321954,26.14077157535263,25.91360043199268,25.902791957673486,25.91086048121736,25.4835532362779,25.64355183145899,25.360370838156527,25.270818323409827,25.359457886055505,25.201636915575545,25.5021473633864,24.83955955736871,25.053184118981083,24.72181667737554,24.738230412172296,24.73708225518469,24.561263380579668,24.610030212682293,24.42898243540072,24.371813769714088,24.33420646811288,24.057930632515976,24.270590736231213,24.486112647906268,24.02083435855102,23.864700426910506,23.72273948427012,23.809510432081456,23.766225486718167,23.81879925542197,23.670533249824878,23.35686142676041,23.436677244588918,23.286938826638572,23.013123338705697,22.901737225913127,22.93102766584683,22.907348632064423,23.11000493283068,23.015205382560396,22.77552994911292,22.69091316350535,22.79828625814552,22.510095652441294,22.53464749395506,22.527970236472033,22.528001217444725,22.40584738548998,22.276588427394824,22.301375744900678,22.462779856762662,22.185690875814885,22.139802330095282,21.788876558671525,21.94029232704131,22.06516239570251,21.836386063865213,22.09778430788237,21.939023911508805,21.812380499796102,21.513640402886267,21.58614897274313,21.77094552895697,21.695484674319385,21.45620698155866,21.295278824353836,21.54207132279425,21.349119723929853,21.235468943079717,21.19154139244108,21.396319875198845,21.10008449065658,21.209831705245133,21.152867387918242,21.110547994187833,20.703982178686438,20.97256893091158,20.78995034603168,20.69638569882437,20.781663501145474,20.667211481591966,20.792259249160686,20.42609922187217,20.59269136834833,20.424415559813554,20.59195985682512,20.345361335191615,20.49303667707327,20.515166955212386,20.4316194452504,20.137774279763395,20.311538802960122,20.15318197812584,20.141197280678828,20.202906364720054,19.76303657028727,19.805205947123667,19.988982156832936,19.93283850321608,20.0115106355625,19.940912645947428,19.870476212251116,19.755206854507207,20.08847245309553,19.503271106465668,19.795720128050853,19.752966266866604,19.589042340788545,19.546591725030293,19.493382801240298,19.361821686400248,19.526018072410913,19.419199478781707,19.44563781745085,19.395234375139122,19.384195629953936,19.298933668532918,19.400673539659252,19.365443650903856,19.275772476353538,19.266305964398146,19.10127560033673,19.14604714267251,19.21282549591213,18.954777786546458,19.12982944589227,19.100588355927083,19.16981048247645,19.029337459188522,18.958850997544218,18.95379775159715,18.910215114854058,18.75070821177773,18.74816103190411,18.592549203713716,18.86184120905458,18.80108748180772,18.73976955577192,18.61106246747319,18.643605198157548,18.704517820736708,18.627697907277735,18.604709119665596,18.596560362768926,18.604779208570804,18.51830145305112,18.524256866652465,18.552771509355132,18.571229716319383,18.42358942749488,18.45908477478543,18.41505406210735,18.286990650121933,18.319855433983374,18.370818321594957,18.349122250796796,18.23051686015459,18.27304935843253,18.161393216766232,18.117987752200346,18.21883275981657,18.190251169005855,18.17532121778367,18.178634649369144,18.01108062830424,18.16115146691333,18.13929610551568,18.08436830583337,18.07705017649192,17.96949597460938,18.060080440513588,18.03242295849569,18.036892960986343,17.9522642198799,18.006517766031354,17.989723562544295,17.930506632438426,17.967875253044227,17.939425055805593,17.907857492824824,17.778853087166368,17.79977848917943,17.88233217950185,17.85200321681502,17.8468494455,17.859628596496098,17.877271146702572,17.90618723854443,17.886665119102734,17.872030907257066,17.908608847005247,17.94099429556367
1,90.02528527001999,92.03651016466667,86.9996963825,86.3007273402816,78.64828987447666,79.90648941219372,74.51802117599999,73.11042360840226,69.8055722393328,70.01268232816392,65.27385148513237,64.03106975673658,63.621936947779254,59.52180604933006,59.8244820189325,57.502422235256596,54.61536253353535,54.263140774390315,53.6858205349622,54.14806619329453,52.588988178764346,51.20653927218699,49.36243248374992,47.724130747577654,48.92108809109565,46.64244339707715,47.47214854068302,45.36837876053353,46.141219326113166,45.14265650906742,44.0138763840915,44.051975500614255,42.6133880971023,43.438667026278026,42.33570638389465,41.218285600342696,41.14410360210937,41.21670124586811,40.342145963065306,39.687757656939,40.02784859192331,39.46425546916142,38.925236125506515,38.556170092968806,38.59623858553374,38.034450713342,37.53291717865232,37.03450262702564,36.91382411973957,36.873035799050854,35.84838955883743,36.74013842168919,35.52548373890891,35.79257946903258,35.56445848713514,35.43094081202017,34.5489794423449,34.52805425479342,34.630835302392455,34.10292568876179,34.18441578452282,33.61815821532226,33.86706248410115,33.241497483836454,33.164023159102705,32.609508133530305,32.653063782065,31.70841490936119,32.39647038108271,31.88420582487449,31.831645595204314,31.905808066818512,31.087754130067257,30.800893844598704,31.104152748362388,30.51577189706035,30.735865475501658,30.394513406670175,30.408801257268102,30.38280899631764,30.392749747220527,29.985172946977453,29.808302779496927,29.633890590405816,29.319534082744514,29.16143179276988,29.69200749098198,29.04894139919175,29.06317487589514,28.702890587861155,28.51883116338238,28.477804995302083,28.62503130640535,28.469857936257487,28.198616885664674,28.034531703180342,28.009714090104392,27.84787166570584,27.58432754808371,27.71784335842049,27.26784947727526,27.370220087630972,27.379607305043344,27.193511123344123,27.06548556757728,27.203215195127285,26.915093723965295,26.783506844974134,26.64726029772028,26.28495199114109,26.38409868413102,26.286848049865757,26.156605581445938,26.042105065142525,25.8039471557969,25.82210035306648,25.738945376387285,25.492113683139596,25.518035136561757,25.483024842755725,25.695509602900376,25.115857495315552,25.266095056049387,25.273650901506254,25.088973186836096,24.911550453358096,24.92243465630415,24.70310041011285,24.80611852482668,24.556174095472226,24.571259753172388,24.277788167811032,24.38328423939598,24.57538974320116,24.303482099283055,23.95860146143878,24.162731866322034,24.220190955573315,24.046740983530427,24.07382243516614,23.891594710752777,23.64529527159126,23.606269587064382,23.430232980167315,23.37098818975143,23.29435246149184,23.179244114346844,23.134253102210987,23.29641932609896,23.200388275680176,23.146564505518175,23.082089418731943,23.04660846800668,22.79445512213044,22.694178710641847,22.706268695604493,22.775300573460243,22.584056865595205,22.404415040012385,22.489857927955846,22.590097057773225,22.536108583301314,22.421278075971955,22.08142045831615,22.036183543847486,22.235301258171205,22.08838497836777,22.247981006644583,21.998670429778674,21.96236360252345,21.834697220122603,21.866382431146096,21.850266999290486,21.845538431717927,21.616270202416903,21.526267550270646,21.707389461312452,21.446377565872087,21.385654558795682,21.41533741075416,21.593980418498198,21.282609472501807,21.30882386725336,21.32248735062768,21.249109164019593,20.986167375191624,21.086468009615615,21.000003918666444,20.910907939535903,21.035431458133633,20.882977821243244,20.97370749817719,20.75391428161022,20.687535778976308,20.56166616410627,20.72200913259693,20.45605358805772,20.610775907571494,20.662613213528235,20.4808896456806,20.36111275954335,20.47289766437198,20.380302248743995,20.287646116421264,20.353822851032735,19.999760746989708,20.015211845191608,20.273571335936325,20.148015154489794,20.12123031143705,20.1046595393957,20.037448300141346,19.861021239478468,20.17551766505405,19.870736047549478,19.990723018276825,19.834524785223508,19.724806751088316,19.668729275969824,19.687605160146145,19.531972349268084,19.69368479891355,19.52476396637646,19.56490953197647,19.47298071320424,19.48373690862823,19.521437764071003,19.451778545762163,19.45541551640533,19.43074053523299,19.358846610593865,19.281782382978623,19.275534420781064,19.284214740225835,19.11307339743392,19.238130797959506,19.20663802679497,19.217166331909702,19.130327901675415,19.094227039774346,19.080505502212038,18.996454917894376,18.888892000852746,18.836278741986156,18.745687030504453,18.902514348298784,18.90129243629007,18.875020716114296,18.70020603086595,18.732710602474345,18.835170435423557,18.73832800469359,18.644567194989357,18.640992758797967,18.66630934293434,18.617290430866575,18.60606754636013,18.620478248422344,18.63359305656264,18.65231060174214,18.541028460486416,18.51064428884873,18.36512039083226,18.403207265818057,18.420044614830356,18.44364972817744,18.307777500083024,18.358529591148947,18.301334534279196,18.22202774293101,18.272872079236134,18.275161424391133,18.219217995093196,18.27852110258974,18.1247037280223,18.24673874041519,18.207776472274457,18.112624613841902,18.152566475104408,18.1126302367782,18.116113546487075,18.09283371619055,18.07071124696546,18.053045368691926,18.049106526471267,18.020585590088224,17.978514995638278,18.004743347211082,18.004090327018435,17.953708045692547,17.858653696280253,17.899535723499387,17.919916332147775,17.903638221116104,17.882441495128564,17.89629465056509,17.89034600975758,17.937367244052954,17.908404579724632,17.901733338709935,17.938199135009192,17.98156484889371
1.5,98.1204809395,95.59027194366669,91.0200964473935,88.6393487252,82.0984875856867,83.48458902418282,75.7364405729771,76.14307381497876,72.007492352936,71.4190721828267,66.1051581216075,65.202005876612,64.29993773895286,61.4714670257683,60.49880398633625,58.70593612551898,55.726618183481094,56.01405581450368,54.75476420341354,55.06092950335299,53.444631912688244,51.96995775170319,50.043772616584796,49.57299216899899,49.20809119876922,47.28587032382918,48.128829586647086,46.29394482799709,46.96528443650926,45.74309367502832,45.045631372618054,45.16450675822674,43.2862942824102,43.926339686045324,42.863965493554026,41.55629865373486,42.03517365885957,41.45257892371349,41.1787451930659,40.28592242864302,40.37563064530895,39.78741464307341,39.15138868717946,39.15347464033075,38.89319783931443,38.86827244465256,38.21771597502776,37.53855680359986,37.535619938933664,37.25416178877287,36.23947673478465,36.9012281721844,35.93212348694949,36.03665469975161,35.944464736373114,35.754782015510614,35.19873176644948,34.92282314544157,34.83680566525823,34.430466100656105,34.411165607978276,34.00616632265957,34.18443241111815,33.51257957937163,33.28191675882343,33.14901586972946,32.94748315846823,32.150148588139785,32.588809360556255,32.17953985190667,32.14701539283444,32.43861921117944,31.422882550111538,31.43870546659817,31.32245330291135,30.78945943815995,31.15967654484813,30.54510178796449,30.61548672345337,30.633279136036002,30.534139277231546,30.139423683063455,30.092163832650666,29.812251185969796,29.708021380416458,29.323295196119194,29.941884437565555,29.32366017580594,29.289421292134623,28.87705333313845,28.674917595375607,28.851753999391544,28.76238021679619,28.656541169613117,28.380667171873274,28.249546058361357,28.098066174779557,28.177955707461724,28.052349614005255,27.904781396172307,27.65412968934824,27.54676875457565,27.497103325247885,27.337371083258706,27.355241861507604,27.386778316038505,27.15022444705779,27.052558404621813,26.82314476103339,26.5222375683917,26.617750634412364,26.410789968825636,26.382178369927388,26.160459197631074,26.146803186385593,26.047244092948684,25.828738087155998,25.723807000175814,25.694648382220034,25.657254728627514,25.801655893598813,25.4336134101105,25.462542177524465,25.441410327730047,25.237778181067828,25.14995457159425,25.197797999309483,24.97438427529945,24.964206426494293,24.886043906882193,24.812589455773246,24.59560483911306,24.63452507447494,24.640977453893633,24.54218413471272,24.213286358795333,24.283826023914568,24.32492630070246,24.127280202669205,24.19861573557595,24.119762121542784,24.04760182661295,23.812677428872398,23.65086088341332,23.652820019019558,23.535219960653848,23.37126871231781,23.35846525150503,23.335850366519455,23.296917708905042,23.25947742641448,23.269205334160134,23.144295931547386,23.001582138900027,22.864290824640364,22.869878855230812,22.924416511605862,22.755364297650292,22.67838256071758,22.71250779057537,22.68636740809221,22.707674440032104,22.546176556388776,22.385144402812443,22.231773634653504,22.35301725299718,22.272271444891718,22.35637893576577,22.13924333069851,21.99805775401526,21.91502002621272,22.03631873374031,21.93498321569326,21.867945659893884,21.823961786082634,21.728219564566764,21.783573246314972,21.507641812630244,21.58779882955559,21.492534961735505,21.664861806042207,21.361745914505192,21.37120751025952,21.393382178725382,21.410936716533556,21.24000971293825,21.238085594509005,21.12099500059949,21.090913806239435,21.111173849106592,20.986750885835956,21.053689813736693,20.842356019056275,20.733947305347616,20.824105604875808,20.831431556792328,20.625391896026414,20.718337308261585,20.70534812725386,20.57087599323382,20.491515296213155,20.58404370589922,20.44333258425123,20.401973065445244,20.45045502894937,20.22449528432568,20.16358009145966,20.352290935556738,20.20629971868026,20.201745889918833,20.15829368544307,20.099551260840123,19.96363829078616,20.25796436820373,19.96418828295492,20.04704663213976,19.98261448058007,19.81066141125478,19.76056823028717,19.823058098274664,19.700051905483633,19.739852693736676,19.568350799316736,19.590437440201207,19.561187369333815,19.577597357578234,19.564484936295262,19.513380025388166,19.49571808921131,19.487531921529108,19.421324187796344,19.38156073003877,19.352635895445975,19.343662767412876,19.190164035507006,19.3039289541318,19.2790121176519,19.258668709445985,19.22406781769737,19.152803978376074,19.150554531697185,19.06254080006496,18.950139503730856,19.03003866760896,18.839945632326806,19.00371516255728,18.965977072518825,18.960862353640753,18.814687520390244,18.848154727659598,18.884236545687703,18.765089872381147,18.71547401795234,18.671810626115576,18.70499827664545,18.687016617011892,18.67510544017061,18.65972859498541,18.69816903631056,18.70872385423907,18.593773371073915,18.5532674568548,18.43717493668882,18.446064279106444,18.462962281050793,18.508539662602065,18.353933867720396,18.405200496273643,18.356902418087227,18.284089556433255,18.322496673441268,18.282584861681666,18.27591825796033,18.297811054002363,18.23144074920581,18.30044351945537,18.248843215412922,18.22706660257249,18.19371111835744,18.155898874994698,18.119951209366132,18.133126415378612,18.113131658581075,18.090489854241113,18.07456923240937,18.03809516381939,18.02660867942926,18.04682909271096,18.022128149376268,17.995923057375546,17.928262370527417,17.947689799966266,17.949577729250993,17.922551751283716,17.906728030905754,17.932374351639663,17.925602414427225,17.954448072887285,17.9251650494305,17.92226997050486,17.959256423204614,17.99965606626988
2,103.347445641032,98.69979505885604,97.939925476,91.40741077532009,85.2128547933333,85.18182020213719,78.07209294394951,78.72572148652894,73.170869482288,71.85969288966912,67.08196054856,66.92950221774585,65.00023712837947,61.92838395502867,60.81507566419765,59.744074906573644,57.46790733997441,56.240807432290126,55.3620065919706,56.60922327270381,54.33534014332316,52.752302362947795,50.5524730368173,50.39938095769294,49.61125696577142,48.58336916549647,48.624253663346046,47.405022638757124,47.79652001130122,46.42881535190402,45.360782785476175,45.466987414198655,43.76871559050706,44.11574596215552,43.14695595876586,42.34793679023505,42.59279007539071,41.71588808285724,41.509339208704766,40.55958114249031,40.97857125293048,40.046419330803346,39.578934016627855,39.61472520811969,39.03374845101633,39.100850314524926,38.53551187692433,38.01767526028952,38.02656729343169,37.74208558670288,36.56959539849734,37.14361189216423,36.246864311652566,36.20654894231997,36.230177491660584,35.821049876783704,35.56730041840575,35.004543469200506,35.03411451287497,34.73132069378193,34.57271894509193,34.33868707205425,34.37048494877991,33.66450002084531,33.34856201962037,33.620097775598936,33.19220603806584,32.541307539205064,32.808420450389455,32.32265914426021,32.28854214032513,32.56460167873747,31.602515379217312,31.850838078378647,31.472672369133836,31.22114109104509,31.3550321298109,30.943860493842877,30.844769049690843,30.759712938185796,30.69997472930273,30.347488454310493,30.29187275863529,29.987471702537018,30.084050543184468,29.627503441033152,30.029502518497136,29.42833500691216,29.435747655470454,29.225639630375884,29.04127084354592,28.944725995230517,28.956821201136382,28.75169415004318,28.476306258886872,28.354347604412844,28.22994673353565,28.235117980470005,28.215200240211814,28.022802324273812,27.84910769214159,27.618728515681358,27.69930928950521,27.485305117481893,27.571908353700014,27.47159177487942,27.288629219594288,27.222870648921855,27.0610524787483,26.719036038159935,26.761061163413846,26.537909816453958,26.635989173739507,26.499037529421546,26.317672708201027,26.202191756525814,25.927845013880198,25.84461785459519,25.80563133952511,25.753458984310228,26.057627969503407,25.685112045520423,25.551461651729625,25.544610573087564,25.38083498953266,25.273188981779885,25.299499291788564,25.02821045248325,25.137660019422,25.06428065974189,24.857697620783153,24.815376430000164,24.82264380498894,24.74405918239072,24.60643752797985,24.365702273658872,24.46268060453664,24.5020536058248,24.19356890265798,24.323045025446433,24.2423986978051,24.131077490678894,23.89822879799164,23.747480831896155,23.809723151886974,23.642858985685077,23.46458076948631,23.434653269126162,23.460824449010303,23.396714132993413,23.34097650559771,23.307132302229977,23.18844553696388,23.139568449644965,23.096942324971142,22.98896766004522,23.01983443211652,22.85793354961222,22.78629463539685,22.7772730195346,22.76325152891671,22.803520291494674,22.670781459804672,22.49173674882222,22.321210904120342,22.41813323956519,22.332318601696016,22.398026375817164,22.254389140333828,22.139986404200933,21.980508881731183,22.1823649671516,22.04943136971707,21.91014554340266,21.87647036147647,21.78414841783915,21.839171452128564,21.694451039954906,21.68197999008227,21.64783234287312,21.72552245126275,21.411778599663528,21.47414246924808,21.507227963995273,21.440817214656953,21.30422208680643,21.311891894624807,21.263167998512674,21.144149326924598,21.208530942930253,21.025985918843315,21.120499339700903,20.902468406819875,20.80965152830943,20.93355594653659,20.956597228089272,20.69236272797573,20.850636529251524,20.786115951389057,20.67970559352147,20.56800161737848,20.66898933781357,20.516808748978406,20.50888774886384,20.508924283537006,20.41293843366993,20.279415741002463,20.37852110860468,20.28975437608525,20.265245546555413,20.194369680436075,20.160290257980318,20.027650254082797,20.299740712709948,20.06912553010551,20.093111826003316,20.042339380015203,19.925365264196916,19.875389038764865,19.839084482056624,19.819114830352905,19.825176977694667,19.686472333527302,19.645949193632923,19.740493396718193,19.61902961795267,19.609560239514646,19.62532652073028,19.544992548467643,19.517366276078203,19.465672715248306,19.42121928744916,19.41367332682569,19.40214012891266,19.305993053149553,19.32684464635321,19.30399830362972,19.29083711237674,19.23467289678355,19.172904858303447,19.206460054915887,19.16333650024729,19.05940480750135,19.04600728355129,18.898095268253844,19.039676175261164,19.005798793098148,19.013101459879234,18.892060281963992,18.887473633110417,18.914043845718385,18.804652350688663,18.75872485366224,18.72575545900711,18.733378561726425,18.70578041447373,18.729516917228874,18.701958330346432,18.708867919369954,18.757533447803976,18.615499594842326,18.58437217164096,18.501205875505327,18.48915368971198,18.51004796703302,18.551753465282573,18.426281058373668,18.478559802962376,18.45104860738263,18.336550266024986,18.36421296494323,18.352190867208417,18.305603755131614,18.32215577494656,18.276748214365824,18.317828303673256,18.27561330826484,18.25459933551446,18.234646352972437,18.181879582727422,18.157780310159804,18.157134935142746,18.165174741604055,18.11942357936077,18.088457765774056,18.07480276784215,18.040382374788162,18.068165168542404,18.069063807824094,18.012299244394246,17.973871220276166,17.95536389511525,17.972422351728845,17.93562322464716,17.946499939190762,17.9595913251904,17.933692837384616,17.966938737688277,17.936587735404732,17.93629418040129,17.968544237592024,18.00522356159993
2.5,105.0414928825,102.080495738333,99.69393418875,92.55047766,87.15267768945533,85.8259347514286,79.35439795992424,79.91236411914834,74.6532117736615,72.93388318391003,68.41847652754709,68.32047890894998,66.34799269102858,62.77997000980164,61.67538244241481,60.30592880168972,58.794414538901066,57.2737787194056,56.160197115875874,57.029522896812054,54.86260035649257,53.20230656487987,51.00837499715943,50.6750638888332,49.957552177879656,48.91418959924116,49.11565795234284,47.818865356866446,48.0584996926907,46.91968810960336,45.942466080442834,45.8048409495565,44.690533286073936,44.619035741331054,43.77112922000219,42.56046129827738,42.999512561447254,41.92223483639876,41.844318668664,41.02832217631507,41.32480700898623,40.39988047574254,39.98511672385077,40.008309779045724,39.33747383757715,39.43193008521626,38.959174615799064,38.16690124473783,38.15076340175286,38.02740130536242,36.79048568956764,37.2590754955597,36.636718068385036,36.4634214990449,36.31999497016516,35.97519254522955,35.72926886324103,35.23601146476425,35.15316865661721,34.789485450020806,34.70985242874767,34.52339189028197,34.55207879868582,33.960461149106386,33.720567131797814,33.74728574918331,33.4815507638088,32.78486330643113,33.11136197536538,32.6335209642555,32.56336310948593,32.70131303507267,31.961174014647387,32.01557278540847,31.62121123714455,31.490886419026985,31.477467913302572,31.222625210877474,31.1264054831149,30.871184884150924,30.755796074666588,30.523861430337025,30.413641972632384,30.120993159450364,30.214214052578125,29.812526712934734,30.1263915803825,29.55069820050568,29.610944697392807,29.400308020892012,29.168764332914723,29.107772363231494,29.170353383648212,28.83863194725814,28.599702780500703,28.44242520258401,28.28691325045001,28.36740757154522,28.43788828929247,28.140848353225845,27.984411279775696,27.796683073522296,27.86731859564344,27.61775945538266,27.74906433524291,27.597982335162243,27.436567662480197,27.308902235135086,27.181811370874915,26.893881834821027,26.93459893464849,26.641869178797712,26.831038947708358,26.640505943262504,26.37360590717625,26.309710845140263,26.148341022600867,25.998588762930563,25.988219400788502,25.887037555174505,26.164790435945456,25.758257102474502,25.691629053900165,25.679710063286883,25.576979400269686,25.30352458012076,25.396438277805053,25.20284151244581,25.331708930708363,25.153737540067038,25.035921799612723,24.930547246190027,24.87882947415482,24.821925011484833,24.68262578900946,24.47866850181096,24.575810939040558,24.560530555444288,24.312455764935635,24.405340754871578,24.290424795172974,24.177863323179142,23.967436121983667,23.945686679637003,23.944325699090154,23.72799438653094,23.576422152150744,23.50990630345671,23.52953512269201,23.47309631550425,23.408965747700243,23.440944836561332,23.250549407474477,23.24279659623898,23.187521660155628,23.047482541058685,23.121182168817437,22.986930140823542,22.891039720915764,22.83115090139745,22.844341034843247,22.871935049447945,22.749719360941175,22.580685222277218,22.375319830564145,22.4972944549692,22.387548652985902,22.438312519541537,22.303584346692407,22.197702412407946,22.05561223944228,22.27799020263135,22.123578442320373,21.99212991458653,21.965123292863076,21.916158764402223,21.917857760222724,21.839142016252275,21.829223098302183,21.712599670390354,21.770217257051986,21.54219036815304,21.559973826181167,21.572875442114537,21.560549919135223,21.37009911121435,21.40003676541753,21.353439984173146,21.23141486783019,21.272985532688665,21.114887341733613,21.16219476917595,20.960338554985295,20.913374146719413,20.991420076635862,21.005531621642405,20.754741753621516,20.901743400716597,20.810807184219428,20.802278160066138,20.641085433410453,20.69140484730665,20.53301583817482,20.55976585491085,20.575011844370803,20.544501809419955,20.303960696273307,20.411046785516525,20.33526631824302,20.318628492442016,20.30099005689044,20.234770468548003,20.07578599581762,20.318156529743504,20.12653577266027,20.119398900313044,20.08348457861521,19.966436351691485,20.032394194974326,19.89487845616027,19.895341084752488,19.87549442011518,19.737769786087252,19.71040191959279,19.77547213917443,19.669256938663665,19.679651906563038,19.69220943736667,19.60500277451731,19.542829679130463,19.492196363862462,19.476321786434116,19.47943993626879,19.4381652953246,19.39554363733156,19.380381570409998,19.337723982404306,19.31899548008653,19.34252174320762,19.210636853362686,19.241268156953236,19.23498286673236,19.13715513563221,19.070443548353875,18.96775472517239,19.073064810547713,19.04501569509947,19.049574741952046,18.92521572307819,18.90747503330751,18.945026756138933,18.847451482576986,18.82615676078263,18.787730219023487,18.804172251363227,18.72338882827278,18.76376989529673,18.732103841219097,18.714454709631983,18.7752814047042,18.651452505455705,18.613807473455722,18.54257825189398,18.541173946319322,18.545233683036088,18.58246136919915,18.47341772550203,18.49470948413974,18.497383479697437,18.378222234306932,18.41661829329419,18.381128792313714,18.316448622973144,18.36170435380525,18.294879362530228,18.334316595775878,18.297720220110236,18.281422687516976,18.260450209450134,18.220531844428244,18.187580967530188,18.167055282350557,18.19197931578036,18.140137134112802,18.109271486830266,18.107334279359282,18.064643094659434,18.08203834633818,18.07542814891528,18.02292825657056,18.010261537219524,17.97916422925624,17.98855139546629,17.94902114425583,17.974002109325806,17.974837597417007,17.960770956399344,17.971012469979353,17.946323230817768,17.952408567883005,17.98041981646618,18.013132162035433
5,116.42752672134999,112.00844207386666,106.50929589500001,99.611320251926,93.53985121180003,89.36848529714287,84.46585017375,83.84465431591116,77.09610638269,75.96255453343142,71.92839798529417,70.27884636023465,69.17133057022428,65.36581661901903,64.70303446426999,62.649594417999516,61.25297166017565,60.084355267509466,57.651871510606,58.40883177737807,56.49723763000542,55.038742284373,53.32054010445908,52.7965375115536,51.53657699244422,50.876180779484656,50.44337436132399,49.24153625095447,49.45872143084107,47.95947820390946,47.45740413827125,46.694265474877895,45.9902653729135,45.739601056486215,45.152503115882745,44.21417118905031,44.128429207115744,42.87996786017245,42.923461477481425,42.452059565336675,42.23640729681718,41.79575334247179,41.13916459135105,40.813223109165556,40.37498572758215,40.18564228328592,40.122641332341416,39.12299240378192,39.1308104321666,38.93601254850797,38.15164148978283,38.11065247245127,37.6419067816378,37.39811956687392,36.85653084698811,36.85794978276344,36.49660616320254,36.130557181388426,36.15546641979403,35.871585497956055,35.46630155564702,35.3433786640046,35.227918997531,34.89130512145355,34.518599755026,34.483932013944994,34.114597357996665,33.56209218499904,33.66453891299391,33.34367768428926,33.219705875141564,33.26464952320748,32.91175416857436,32.586078484308,32.41690544724084,32.21819559795399,32.164018980139566,31.937538557672898,31.70545520674861,31.50220495007333,31.47617808325641,31.1767105240954,30.882721477110728,30.793362030733803,30.7685758600784,30.522129154471582,30.537162179293787,30.243341060972792,30.115704792771556,29.88027554165392,29.76552336266013,29.44295881086639,29.61742563053555,29.34188423941372,29.24004249718541,28.985046426852666,28.746076879565027,28.9592337867793,28.899941563346342,28.713869664620297,28.475900862133663,28.262582005225475,28.228956739620756,28.157438857216917,28.09740280315342,28.035568872606984,27.89663966849318,27.7089905712527,27.666621821645812,27.361276133368417,27.34717246720565,27.1886299044567,27.231455649305556,27.067569326434977,26.851736381785393,26.78006416928752,26.714424815469215,26.472804241036812,26.364920365100748,26.29567530205485,26.47741159016029,26.107573148057664,26.0642221623976,26.098477239041216,25.937029162728866,25.64974294885981,25.809716601040478,25.579596612583824,25.68117320104547,25.509137361178137,25.517504135754027,25.334831341175555,25.24986225234848,25.2007041787652,25.022214016765574,24.85111060344304,24.890089742626714,24.95795572798334,24.619218996380724,24.837275559859968,24.614721473070965,24.50315559790416,24.2931387054818,24.26529267791805,24.291845529070926,24.13057128244986,23.989174964183142,23.923446689489385,23.91487493249804,23.856629254922836,23.71542124360291,23.764003542133246,23.669741827332857,23.51079766800676,23.56776174697439,23.326582149452886,23.44280762212589,23.32436791828538,23.33910895397515,23.056155500807797,23.073322006703314,23.061603481639956,22.99927452160451,22.985715824923293,22.646902001366175,22.80340179685259,22.651077095038506,22.65853190714242,22.62440448063194,22.51819339397498,22.37571464076585,22.57482642881627,22.373784260071915,22.24369416062327,22.205334150538764,22.15419682808395,22.135764516041228,22.117821244342306,22.06482497283756,21.937794099768972,22.060764579107747,21.843459318749517,21.77352040724269,21.82245073102793,21.73502276114312,21.74131313200613,21.608356467212616,21.570235020367477,21.55417553414608,21.53237460755159,21.39416505087141,21.37308173741089,21.282148880901925,21.274631151703822,21.18815385110467,21.20299028800419,21.006120002977376,21.187491635673346,20.99093776434537,21.02556444071638,20.863863345948314,20.8977962562711,20.834279276572527,20.814287113249346,20.794309696410824,20.74522211639112,20.59154946907304,20.638033117756876,20.61035712515859,20.587243866851942,20.44786247159522,20.44544640899459,20.34442539786546,20.52087869538575,20.304160970473117,20.296991397832002,20.289688800494392,20.14745209012682,20.195682027480043,20.115731908773384,20.107082378939506,20.064049281245783,19.96565188385188,19.948311945178574,19.908106032941735,19.893484205452037,19.870842983219642,19.86945600064444,19.782730029468947,19.772985656874113,19.728101382115756,19.683481371725243,19.7062276993221,19.618172038306135,19.591169990573686,19.573341856761914,19.52032457986174,19.423351664190537,19.443865190131575,19.423072658477654,19.40693220162759,19.387475150277805,19.263448134298,19.300850619494877,19.23356103239356,19.24541097706126,19.232556023757436,19.185061525822935,19.101471087279688,19.09524871026116,19.055213734190534,19.081913487349105,18.964935449200894,18.94652261420709,18.91895505124416,18.910048146429393,18.872806922248863,18.886038527914224,18.837499056984335,18.86711921739415,18.84747380317696,18.75171258645695,18.71202446392773,18.675143271694093,18.6334652660473,18.67393644172415,18.58857898201507,18.588400857810452,18.59338571228637,18.516371742798242,18.50153601627962,18.48469879126809,18.43514399912964,18.44856688632947,18.436284861523188,18.419617624344852,18.392470903661522,18.344455239278453,18.33352776808811,18.307545881115974,18.303353134486837,18.237493150411222,18.275504727765345,18.22855261235366,18.228429967201546,18.210256614679583,18.15985562150491,18.16632065948469,18.131325926665408,18.10239450799359,18.097350614563393,18.061682082247017,18.061620107552354,18.03468416702147,18.033201230202103,18.037583115586187,18.01741849323647,18.01395052911333,17.99547105558022,18.004640231570658,18.01348028643309,18.03710529116433
10,130.0535907258,121.6242633305047,113.523293079,106.755966656,100.3117990125667,94.96796449546491,91.052191434875,88.37977129180221,82.11871830218,80.54068360334912,77.0958015331167,74.07006017904918,72.09409377285719,68.88860646933335,67.65744499489,65.26494678018624,64.34318337775998,62.6795981867522,60.516367841857,60.30209544584063,58.76478296496097,57.57494424251046,55.66332683666503,54.7460727222184,53.965365970823854,52.613480500942536,52.28016020993897,51.11806398914548,51.35893997483997,49.883053518316494,49.17741658201654,48.52209179873646,47.887338556814164,47.34399012863398,46.98593783040241,46.14606998560545,45.34642862917356,44.62268024124028,44.587975735209554,44.01416787003008,43.62632721359846,43.04685730061499,42.60734460261247,42.3012540005437,41.70733979292526,41.40976515286681,41.31714025682142,40.586284047066556,40.190052986901996,40.00143526484788,39.04217744954897,39.21266889757337,38.63979248055619,38.4285643773171,37.9915161800512,37.82487221875879,37.55014564541427,37.28129199834792,37.1424970112041,36.7032852724771,36.61753311533973,36.31860062389161,35.90600567360657,35.69690282312247,35.33878445196494,35.34907644938944,35.047208706767755,34.487961429317146,34.493607775855146,34.147892606531,33.966464531126114,34.17566595039473,33.75167862899934,33.43218028332392,33.18455057288217,33.01594096044109,32.88082496203897,32.73983417040047,32.49758209712965,32.32356367574919,32.1951297344808,31.954438152171058,31.79773492842148,31.51523560705852,31.47398175241726,31.34859451200403,31.083331962494597,31.02351436910764,30.88674167223003,30.57173558568239,30.41374999272374,30.160431694071818,30.27418107522702,29.96153789241699,29.99293921665238,29.74023558471854,29.42231534288183,29.61563926178033,29.45858001911086,29.32354669609812,29.057310298590203,29.0634113720345,28.93043915193895,28.70347278768573,28.586883447761902,28.53926479884256,28.42473879315891,28.16419785375933,28.11438375473492,28.036734534409288,27.873239610768483,27.73533348555893,27.65142160465063,27.54914182083157,27.291299333053093,27.30405484753134,27.282211339179,27.09127703041994,26.979055822835623,26.821565132209933,26.91449056665135,26.630779783754758,26.57354893515969,26.48647348481162,26.403531097308502,26.13807983758577,26.26043078146261,26.11159221185207,26.126103352386558,25.906874307083502,25.8839814580659,25.845587563063198,25.71304620174189,25.59408813937058,25.47321658766954,25.32097330914709,25.28612102614129,25.2913704852465,24.978685629730112,25.16439093770486,25.032058750932418,24.84530339250809,24.6950771797072,24.74539342179267,24.70181023384754,24.52489969687688,24.44759814958718,24.44299566804657,24.38728045763144,24.265868277083708,24.196960721744208,24.1770018175374,24.07982529971924,23.852484983253408,23.905484834722238,23.81586665984509,23.734156072045632,23.72438651554783,23.706272443829143,23.48241500764628,23.46136013210481,23.42144023270377,23.373909264997177,23.31537096077637,23.05311847236346,23.190938543848848,22.982576250879518,23.04147529705839,22.97023768027744,22.86277618286908,22.762639530247043,22.84062206890514,22.72115839986643,22.59656033795089,22.59400644493551,22.55759281703493,22.43508490560895,22.45749494087729,22.38958342422999,22.30479718849136,22.31442026187291,22.173076720901218,22.09549619409509,22.12782775209611,22.004070703624308,21.97845603908185,21.90954779154764,21.8992459272661,21.837633343628077,21.74695505177524,21.706547452216462,21.62628690681397,21.58355487338179,21.56251796830965,21.52443712049736,21.46175696439262,21.368199206895383,21.37985258356318,21.28248701161415,21.24199995646464,21.18103845477001,21.19476159336152,21.09181262409043,21.063573865464,21.069158101807812,21.010362380292072,20.92817119279443,20.87988845120785,20.82165296423502,20.849938844582088,20.74271087835229,20.70683810121376,20.59812128864815,20.683356678565502,20.52414655341394,20.54663234422512,20.544275574122658,20.417849147305283,20.41762476783588,20.37120500171489,20.341518062415798,20.28490873442091,20.217947746884228,20.16991007870902,20.18766687044413,20.10954745376618,20.067139192469728,20.055287241640233,19.99119252031525,19.94877805234245,19.91259698512265,19.878308479128492,19.861622337010267,19.79495416317204,19.765748392346758,19.755412721588822,19.71977775120975,19.69069204750323,19.661059549955873,19.60923103841882,19.60573207383436,19.56920061411211,19.47113530498618,19.50493583636932,19.43194363334518,19.39342286877968,19.38538146972964,19.368237716140353,19.30911941459777,19.27899366148186,19.22159496720207,19.24848517174637,19.16715387010053,19.12501248478205,19.111272905686683,19.060825097262498,19.052374800170302,19.00362517809502,18.97337905601766,18.997492733066,18.95009840057444,18.92079355671493,18.87458453822067,18.81935471186781,18.75937691249801,18.80496145741235,18.75020062077923,18.715374245183188,18.69479167805856,18.67320395650962,18.66652097842358,18.61802233495998,18.57076043984464,18.57101357809365,18.52216197293604,18.53418981591607,18.499705946683918,18.475020206006977,18.445218240226513,18.436930630347142,18.395224474777088,18.36315875145492,18.36397076776547,18.32822848140599,18.31469142894,18.28726837410186,18.26474630237233,18.24613114806359,18.22063915365044,18.19006868697722,18.184543870297958,18.15807863173327,18.14051499347468,18.09911919354843,18.11057878132697,18.09810798735619,18.083535089226952,18.06798027257306,18.04027025139464,18.04145867836807,18.04677725500917,18.05987852657683
25,154.253544225,139.77629415249976,128.6614535,119.24811287868,111.53709268335001,105.1761713983575,100.07973318912501,96.3761728611111,89.57971419935001,87.92904862072731,83.52026130758335,80.55453780732304,76.92514229221428,75.21665080010003,73.0845226861875,71.21950916058822,68.67859226665418,66.9847486321834,65.24957574795499,64.21823756126861,62.22214360150132,61.44091738650215,59.39789672325003,58.459977009004,57.75514279591385,56.223395804824946,55.5856013588268,54.45126310558035,54.056968825548296,52.62183133434835,52.045825060340626,51.47225291512698,50.69857466494088,49.683769455131554,49.55005279293607,48.79564078094745,47.61979396730067,47.21245743928723,46.8491115959195,46.32913395067528,45.7752199584087,45.3123950278508,44.88572146430908,44.221073543112254,43.8097693933784,43.374949593146475,43.21036456884657,42.70368968820303,42.0673395063208,41.76752282884948,41.04312718827153,41.15356593337378,40.62940269774643,40.177599025958926,39.85183374543185,39.615555104250575,39.28177571592917,38.79822251947765,38.729327830866325,38.31153503359385,38.084282081512605,37.78764544765448,37.658033368290674,37.327217007875824,36.9252147043156,36.912185556097754,36.472898687340276,36.0458593647043,35.898468140510325,35.653215661683426,35.73099803494017,35.36741467705332,34.95969668110787,34.95905647136265,34.6255906222057,34.40006270724977,34.31829808183392,34.10424309628678,33.768846846855425,33.73275762827558,33.436985026602976,33.13130448585032,32.97812648785135,32.77472393941165,32.67947688435345,32.75159352090178,32.33473847622177,32.11116845700057,31.938284948487222,31.8430178296586,31.670509630186125,31.432327044551926,31.408208060687524,31.08008526413565,31.143059567563398,30.843419777331803,30.552286901102427,30.6574056039629,30.467942073898747,30.294406126642,30.049717108599875,29.99334573420185,29.979073785811174,29.764550414454675,29.500277553950074,29.479908288943975,29.24989939984515,29.1066411478566,29.04655379139765,28.834325581345077,28.793281895950777,28.6670681095286,28.5450899278097,28.44133556383495,28.248522440411275,28.1675880677812,28.17761045317355,28.00603721731975,27.805628195286303,27.711814518805674,27.61694321694155,27.445073554714,27.4026982592289,27.312854621967375,27.106995939114725,26.963704106733303,26.998963468365524,26.86717893214145,26.83126591800165,26.738919194701474,26.710434092405848,26.50741067466145,26.348940255188303,26.322155039879924,26.164901208778097,26.1303869678709,26.03786345215945,26.042951541954153,25.789412694403424,25.815750182051126,25.7106692416163,25.550370737270274,25.38327180719765,25.375040726211672,25.37264591104925,25.1457016370916,25.169508900060098,25.065649950942223,25.040628186639772,24.948167984126925,24.820570784209625,24.8018917162425,24.667776850810974,24.620916977119702,24.554238509929526,24.49653566176155,24.397875814598127,24.289358946403972,24.276945859904373,24.086287645085523,24.095640819286302,24.0710259558803,23.90138092666625,23.888346968192174,23.69094744699825,23.7525020523438,23.606056262085975,23.554447678383802,23.5128301552436,23.444558421222148,23.441900177263374,23.371559831174874,23.255359242472373,23.15724551765075,23.16443516283905,23.1060170175999,23.013925531328724,22.9273069095395,22.9303315209696,22.8067692833657,22.825848549082302,22.68096835785665,22.65507949497355,22.5746499246821,22.5204972709489,22.436291329369826,22.391523845928127,22.39114786477835,22.315054382737877,22.22817353886375,22.208313298710177,22.135854517027802,22.05903787407665,22.0020258329083,21.9167892971433,21.889907431794647,21.784570406672675,21.820396017333024,21.742928410810524,21.639702224346152,21.657079591907976,21.618091519002398,21.5975446664864,21.465490584899925,21.465501839190274,21.434827635017676,21.3672157125786,21.28111348512915,21.206586006622974,21.23617692799485,21.164748615928776,21.047846702939776,21.037240351425424,21.034878936035874,20.962353354649125,20.940258460894576,20.8880952652442,20.82414239163565,20.825867458344177,20.78431407092305,20.7171778369136,20.6069030293029,20.58081335008995,20.54352541038015,20.5175448841091,20.49441243263585,20.425945226052775,20.409743951149053,20.3201915098683,20.31297250330205,20.224654083138176,20.22928696225735,20.2107492442335,20.14356961506065,20.1142601874802,20.111984667221275,20.029083736541452,19.990453572186002,19.979626829059498,19.915874808916026,19.876999898593724,19.84169709650765,19.818953063283775,19.7723594562666,19.708829111815625,19.732609074339827,19.675306441877375,19.609518871949177,19.578339394988976,19.5790250781961,19.531693645103548,19.49884924617785,19.439436069821397,19.417056935859726,19.377821712214224,19.3326790848072,19.3262509043208,19.263996249354975,19.244575304980273,19.229591622605,19.16953430826465,19.139864063934777,19.100157589355,19.087071211348377,19.026707293124,19.029369727506825,18.9754590869405,18.942977315956327,18.925992013408123,18.8722408467602,18.88268571447005,18.84654448161515,18.7812424278599,18.787168136161398,18.75372902793095,18.703983055185123,18.6896004636202,18.684692917773,18.637619154030602,18.59469795468605,18.573127204264672,18.537926494267776,18.5381328579044,18.495853954190075,18.47068539371735,18.4360834684672,18.4087068470693,18.39640849228675,18.349376511060576,18.32376974479255,18.31676654304465,18.27970391586645,18.257593620219176,18.228185313164502,18.20135807979825,18.193619910939,18.17561760200595,18.14117087983285,18.12220440917595,18.11138788323185,18.093940429598575,18.0965299442336
75,204.48641553480002,180.60968158333327,163.2773236675325,150.51227294387,137.84302026383324,129.2031820785715,120.23102495017224,114.54626534533901,109.16254867107149,103.34262063939074,98.3046138565596,95.54262068884616,91.86080746338214,87.96068227846997,85.66377322625625,82.54427131004115,79.51578994931387,77.18993292197942,75.75268151995125,73.84562344218048,71.64870212322043,69.86625001040434,68.31812887174168,66.8900433013936,65.8484253796902,64.39411553411112,63.09521643452875,61.903053367555174,60.922500466582804,59.392221231090275,59.06026170841908,57.95528577732165,57.18888399490868,55.848729642531445,55.495071575866376,54.50875931295395,53.643345298487475,52.75566749962768,52.0630547577825,51.62830926043293,51.15190777756133,50.308253519971174,50.0364641839625,49.0572843401269,48.793558860289124,48.02553799195105,47.68034035012915,47.04996909391713,46.4770094817914,46.11843269067117,45.680428263734,45.125610442970775,44.78045050728453,44.35013819184165,44.2492301889224,43.58140110197702,43.0629507520273,42.9864225920944,42.320866061034174,42.1036426068477,41.84469122486215,41.4110985810476,41.234030155553526,40.68355170411145,40.4824714978631,40.37197725825942,39.90495896996687,39.25843380054438,39.275360774647446,38.820091660402696,38.87555834374475,38.37738128247467,38.250959078099974,37.936826026403324,37.77027337824653,37.414042670848175,37.224159366122876,36.870801495974,36.6882619764325,36.50062895769258,36.22452315717922,36.063091385884526,35.809431189426824,35.499748104744924,35.50440354578142,35.238705493550825,34.9372037569303,34.7061536235658,34.5853758165611,34.336165394976845,34.11844250581035,34.0276399805198,33.720831317632424,33.6589807943335,33.50183763864665,33.27419637697372,32.93968462680375,32.8597451640121,32.8882071634225,32.635318102432805,32.26197355342788,32.35211002042608,32.07288112086722,31.915124089640074,31.720751937950826,31.557134055842624,31.420001355266226,31.26505330745415,31.072253478050072,31.045093716787274,30.801551525856475,30.690690080859202,30.463448525755,30.4309559678161,30.286378121793376,30.276801471777752,30.1298563761149,29.825720697192452,29.746831113458725,29.636712830336826,29.479251307711223,29.376531891807925,29.306879122353024,29.045609850697602,29.022716855706577,28.878428374585724,28.7619274647061,28.6194921614637,28.52620305648285,28.4836990444115,28.355733840643925,28.182268814701224,28.121443042604376,27.93769048815535,27.886420196282874,27.815073117769252,27.64519739058145,27.565036604462428,27.448878721339952,27.418061410024727,27.20437747710995,27.177417296015022,27.024695744626474,26.911278384705675,26.833927451502127,26.760986662803752,26.567451929901125,26.585034230522723,26.492274306703376,26.41601631637025,26.272069756352124,26.17006074593975,25.998803045343273,26.06721132818835,25.893673475700226,25.832476409511848,25.690633704695898,25.6483909974414,25.65038453658075,25.478360059136925,25.361011483035576,25.389478234296377,25.25944294155595,25.10838250216165,25.0570179550096,24.989800204220302,24.898956851678424,24.81949762832275,24.7618272139851,24.769487224301926,24.61577625186535,24.546039173434025,24.535696858969224,24.386965894773247,24.324218693891925,24.282508418177574,24.12540185753635,24.083581782013376,24.100600873955376,23.922928739232425,23.9187041858523,23.819985300833075,23.785144880667026,23.6615282460923,23.672717760327377,23.5222738136497,23.4769648296645,23.44418265537655,23.3593892370926,23.277195741572697,23.231184628152075,23.178720223597576,23.092430237693172,23.080838484139548,22.894226327543777,22.91267734188345,22.821892821846202,22.843741112552124,22.675565999787477,22.61492739171445,22.602166151248976,22.521410963950448,22.5145028205079,22.391204293522748,22.373171290645374,22.31227598591365,22.2766928175969,22.244842354021927,22.141396224475073,22.1299938146893,22.0499723304738,22.00522935702555,21.960242297044047,21.901955018168376,21.8605435734747,21.780926797595352,21.74375505952225,21.68860500444435,21.625775403688,21.58700291520185,21.500161229970875,21.446066125255424,21.389037717118597,21.3510729781099,21.333709697442476,21.24275761041305,21.2176415499008,21.126276258451174,21.113497207812575,21.008539477862,20.97921407230315,20.99740825915385,20.936166626132074,20.8629688923478,20.861245408664075,20.830624801694327,20.714761755781673,20.6977592071317,20.649568016436525,20.5955068840897,20.58840426409785,20.492619624277875,20.4754432549465,20.42492625516825,20.384725918266376,20.322510632307473,20.292728198542527,20.256124258601023,20.188662958532923,20.160495001798402,20.154492595471474,20.0918280820723,20.01847654918695,19.989169830560375,19.952384129687577,19.89722108756535,19.890431057837425,19.851858131329674,19.783591993570024,19.721614748178073,19.731258116634727,19.679627018368173,19.6159553419501,19.6077232147189,19.530556963582825,19.5159395021038,19.459702878538376,19.413540243725848,19.38597241210015,19.36373153515305,19.33118953464195,19.297410941270325,19.222754268084277,19.2198947550241,19.162259960949825,19.111357287553925,19.100134423090825,19.0591195665038,19.021103577100803,18.967488735873925,18.938728722485152,18.899046588323774,18.889704699048,18.8360470624527,18.777620716765327,18.753697066821875,18.708005024130525,18.69202579392,18.629973702354402,18.588745241093726,18.561938341464625,18.5368384404114,18.486490977070673,18.44871889071595,18.419700225133724,18.380386785284276,18.342287207633476,18.2990500722752,18.26434873514425,18.2237705647933,18.169326408292324,18.115656270306175
90,228.49230823,200.4211757466664,179.9531244506,163.70881102256,150.7673239728903,139.950223096537,130.05470533737,123.7110292811774,116.7472300573,110.8149810638482,105.14880043734301,101.961966646154,97.87219197379291,93.54911191349868,90.90733438618125,87.77308354300638,84.31758469201219,82.16616383578167,80.269170345858,78.30605454012856,75.47759559654385,74.28577330647377,72.10439470446997,70.8977008703016,69.18451750974465,67.95842985515776,66.88546278980176,65.31450808116149,64.04156274701268,62.627442318108606,61.92098349580296,60.64629054391707,60.28980785858996,58.74721672284185,57.869636924172,57.081581480873,56.24063681699342,55.47638262337849,54.5979517651055,53.9454535348634,53.40887295131477,52.733612618144946,52.38663102886062,51.561224994718465,51.158825389900024,49.89808156120768,49.95776113513947,49.08641187863345,48.57562767518812,48.12860338656317,47.58849865449792,47.114495505905026,46.6922351322377,46.103814566133,46.06092556427369,45.57674037510601,44.7446187502569,44.712043250125504,44.08766706766254,43.69309628092317,43.2740588876548,43.20715921345529,42.86817118975429,42.34293609602629,42.04751881053431,41.939391171136236,41.41196985584909,40.79521438811431,40.67925305876535,40.28345700274022,40.217794807287476,39.78347273894803,39.57785270602929,39.327485487624465,39.147656445048774,38.78526593448653,38.43630319958782,38.27964635059142,37.82749618448785,37.781924102089725,37.31072734240945,37.26588052150238,37.0047916932701,36.76680848503973,36.685707691594416,36.50335280985238,36.09481592247623,36.17481647671881,35.75829799910065,35.69945487806154,35.27823761994352,35.11986733973852,34.801526545363195,34.84646937270093,34.58292983615669,34.39416291246916,34.08703435631783,33.92403436520238,34.02111019461078,33.65572498505563,33.38860488651291,33.42767426479535,32.988868197909476,32.928301117145,32.740656608038954,32.501718572314246,32.49294845483539,32.118126329594475,32.13280803965288,31.97156877504051,31.70153618683852,31.66871639177303,31.375826860067352,31.28685440803026,31.10699232704091,31.184665022496763,31.16419509587171,30.604777960383768,30.683344552310423,30.56862529053977,30.376086143486972,30.345861660982592,30.06220952794283,29.88059843966973,29.885777500911217,29.72930754233092,29.60694007677435,29.44461401663194,29.33964379728279,29.1141905637073,29.09848871737514,28.91726231101123,28.86459748331875,28.66651745438418,28.5652870561511,28.533745506975098,28.34763234466588,28.28465387516808,28.18164342607525,28.08671028085583,27.89259877183887,27.92534610025745,27.73752269849823,27.60757318024116,27.58820790810757,27.44220642435789,27.33282152068066,27.22340510733632,27.1844746709054,27.05387573135074,26.92356889394715,26.70230144317502,26.68655863302888,26.73353810987463,26.460625092581562,26.53402816658906,26.35417673561416,26.22551310651626,26.1911855803918,26.08354391207236,25.9537308285712,25.93246017550808,25.92664432149769,25.7718752965265,25.6441645231152,25.58516380592538,25.475430443624703,25.4929667626082,25.363372094832577,25.296772820690812,25.14785288170121,25.05209333996687,25.05751322569369,24.86022555553245,24.8640980899795,24.82884971143299,24.71599803526173,24.6526301904236,24.59436690042983,24.43935609763886,24.355353728371288,24.38356250328002,24.21541962129656,24.138869041372338,24.178362276215182,24.057495353716007,23.97680535793859,23.92552994032784,23.871778533411913,23.763780248575788,23.77250348461213,23.63387665671119,23.53099212516798,23.4560608590267,23.340236561475788,23.395001516533522,23.29188294390486,23.26045613372518,23.124436816014327,23.067527137701703,23.06402912795919,22.97829693329442,22.912959598634462,22.814362899917,22.85198747241552,22.69930650698768,22.67473273681706,22.66894876167963,22.53009693201332,22.48285128318387,22.45979854576441,22.41485245128127,22.333225241392892,22.28837019776537,22.21860272427352,22.15926638832163,22.15550732428204,22.02753534754215,22.05860543112094,21.95253961385428,21.865677193494182,21.82323734914697,21.74649826045203,21.64810268634184,21.677961056985218,21.593579755318462,21.55538552158861,21.48386433373722,21.441976613172532,21.38145618845964,21.33848529540948,21.32339764655923,21.25613849017069,21.19788460766589,21.20943694819418,21.116922217431032,21.02597004512338,21.00829057582378,20.96519891952953,20.88859789744203,20.86280128506577,20.79883929797954,20.76411770267502,20.705945099958807,20.62532701542675,20.640338478801908,20.55354228833147,20.55246045662228,20.46091106572173,20.426251627937802,20.42166345885999,20.37339479428095,20.285751305134653,20.254380602045973,20.20640890339952,20.13173425508527,20.130820700303172,20.09194783296321,20.0170747190043,19.97831000827092,19.93593678871627,19.89203015487657,19.843484322175957,19.82343812990004,19.777655767567857,19.704983274767997,19.674753709313713,19.66184708660013,19.60985606699225,19.55310072357632,19.52782679897651,19.49816624885258,19.426762029733638,19.398827563318967,19.33295744502565,19.293134198358327,19.26583467377759,19.246624608447842,19.19955979661474,19.14805170085387,19.107464771636877,19.03832758744575,19.04939226159931,18.99114167618603,18.92378452854699,18.88909915287684,18.85444871345506,18.813871842815193,18.74526306140336,18.7159208134679,18.673772128957708,18.64464000316632,18.59179271815585,18.54392895397754,18.502854433759392,18.45824005217816,18.41789275968447,18.370665487884903,18.32080170927468,18.275166931377978,18.20443310357512,18.130906643870592
97.5,262.91284360500003,219.374452023233,197.71131574268747,177.88573253244198,164.35255120643725,151.74808180379256,140.8308946726665,133.43381098211077,126.58188922720498,120.25682425986479,112.75259049453467,108.54299394351244,104.34598584637558,100.72018210926868,97.41074648964812,92.76829919769959,89.66688851413015,86.31123994275731,86.1994507869785,82.18774494043686,80.43131238078094,77.7906304409774,76.66392692684208,74.887874380354,73.361276934374,73.00539020076134,70.43429925275306,69.46589895208834,68.03615584234116,66.38501339620419,65.3714667192525,63.780473634354074,63.4835553818531,62.10130177865936,60.965444240520554,60.07134191316145,58.86423464445108,57.91328232655175,57.214496505228084,56.63055099477815,55.75138687960415,55.40235610975284,55.373952919832554,54.43169166519738,53.7680537962047,52.59748072346616,52.50260352445081,51.49155836919679,50.562161245194,50.162973248514234,49.30295637616999,49.285359129705064,48.906495054058624,48.15492031290533,47.93069664194789,47.18625179370449,46.84728108336185,46.37648371671914,46.370539682175,45.749197329596484,45.65129067775583,44.836880728360015,44.570375962382755,44.202844551464025,43.77250486243582,43.418575647893576,42.809810897184576,42.625900442983536,42.19737412915007,41.86721658658815,41.67950671118941,41.34569370393153,40.991025850924736,40.81170608064876,41.020304219803776,40.35380394754788,40.083171202128455,39.66715991657958,39.30616604704869,39.22751444472181,38.98549675929416,38.43623983573966,38.52012999528356,38.196452730458276,37.87439795507793,37.840659295984565,37.30503708674354,37.49828917528505,36.92871825408412,37.0861680023185,36.46612742426885,36.39844746462896,36.215096287045505,36.261467363591855,35.85821382678924,35.64911011217932,35.091044776643905,35.1092912975263,35.14789549737518,34.72352047531651,34.682482672968774,34.57553827837011,34.1623827076687,33.885884563303435,33.72427184328916,33.70872501111863,33.56235423714349,33.209894801433514,33.28948647307396,32.98406396807469,32.86154586422688,32.57282569384356,32.508441973501576,32.23358922485386,31.997448354813702,32.13237856323062,32.03252720330559,31.780997898011197,31.621511431455968,31.47707596402344,31.358297636313235,31.230642555627973,31.16772183479017,30.67664302295901,30.907747254746138,30.550863706086563,30.34380686107799,30.318244402292468,30.115049620317798,29.7763697750883,30.044121546082764,30.022634225775423,29.87610659225443,29.396278381135918,29.323085734776075,29.342222410932262,29.126394702860562,29.25719121503633,28.889773135214977,28.92788018244448,28.549241332510334,28.69953530507894,28.503215313430513,28.37888221615741,28.351654728935713,28.164398478250433,28.2140189335886,28.095473529236337,27.93703073052305,27.637517495143396,27.63368852242833,27.434471558367548,27.476826016689884,27.470964880524928,27.04400019155375,27.260882984850664,27.12919026254106,26.976112749257243,26.817477330853112,26.73148757398839,26.60725540061637,26.654057292539374,26.56628622796183,26.495978141357448,26.24275686959531,26.271884089684153,26.07839009408402,26.115166726910683,26.00683119333588,25.974260606513887,25.791797521995726,25.721994854288916,25.69155232637536,25.53232474060038,25.502314134038276,25.47382325238837,25.327389672629113,25.207201977544475,25.120203285900796,25.062002063078427,24.979840843223183,24.964048725207977,24.745338914035983,24.655175547230026,24.752304619531248,24.55719725321793,24.602045790801498,24.46641442513369,24.377209389779164,24.268252495882365,24.286991212219245,24.25267868223844,24.047488006661943,24.00045808450836,23.952889317843038,23.919796941984,23.779892841548083,23.77616003397905,23.57566048033611,23.752551232031667,23.574771272635566,23.493350709875248,23.336120630679442,23.28448916673733,23.24718817598007,23.16088396641866,23.133835671281837,23.143906657320628,22.99609776679886,22.957944156573713,22.880411482694914,22.908848397633992,22.74703604630499,22.66859182676144,22.61336618963861,22.529431089755455,22.528992830177494,22.363177505127407,22.432909587352835,22.412122415417997,22.211860747363243,22.166638721296735,22.17027605246567,22.103618120911772,21.97496882812564,21.991614711108788,21.859049691958766,21.878539630197423,21.803128346594143,21.738942595865453,21.660723148758546,21.64222902594035,21.66974803033671,21.500803379946376,21.582821256629554,21.426688654401953,21.457604825862713,21.384711396666876,21.339444029875324,21.241948088061054,21.175053471794225,21.148426230630097,21.054036088542308,21.036299146187357,20.94799326700001,20.968470912181097,20.898952133432594,20.869689054439682,20.705818789831245,20.735815026682037,20.68322512012178,20.668580869960007,20.55441697743116,20.55304929821088,20.46437392189684,20.346136191060946,20.404858732671027,20.360453997589843,20.253107199725026,20.219587326101163,20.214634441084208,20.142217522628986,20.101700702168266,20.021621873273222,19.999233481767753,19.97479525142797,19.903390986334184,19.845968694858502,19.835641703159425,19.74686313344417,19.755947986807502,19.731717002686548,19.653897183987567,19.597487705489797,19.527450140019226,19.485281943428085,19.49998977513764,19.434640582260066,19.4074200884358,19.304442054440695,19.27514729405626,19.223524066522636,19.19142269573438,19.11562684347183,19.06158769768529,19.075556942379002,18.98153868174937,18.956080715083953,18.897093241732,18.87168012684066,18.82910928931855,18.747076725145472,18.697614622873182,18.66653054657452,18.60426835909827,18.55487709089903,18.497247572538107,18.448726514597407,18.387392810912395,18.348805180706893,18.267147922227785,18.175720753425058
98,265.43503404999996,221.93254643510664,198.88985010397897,178.80503236656799,165.2398637707043,153.8201789254167,141.95986919400548,134.66593527999987,127.97818289882397,121.08649132905082,114.4726310472861,109.54849094981546,105.49861570390796,102.38766849531143,98.91965941388813,93.33512062985596,90.35295094921335,86.65434641954302,86.56473262587023,83.10591255209043,80.79173173374913,78.37358493235973,77.12496026092036,75.27973399177743,73.5842378587604,73.3954371871127,71.02347726548254,69.93967716265023,68.48828858105516,66.90605608265676,65.77218311042986,64.50414054277572,63.914063385386115,62.42657796304619,61.420116367124024,60.31907228456232,59.072651639696915,58.11922246194373,57.536796506402695,57.134511548167396,56.26219711807973,55.71318549636027,55.48250864180545,54.74971009725368,54.215676251202616,52.8592234440199,52.826144808386296,51.859195736885475,51.07678668585628,50.38302486621602,49.520106949614245,49.51333698124176,49.326825270148895,48.44015406753796,48.122318435161276,47.44258741854637,47.10263942909182,46.54199916218965,46.59167606863736,45.93284499948171,45.79183500399434,45.155906489573304,44.80501188735591,44.28702009174259,44.03949767603425,43.65941315711598,43.248147168157715,42.95137794534242,42.43963628092608,42.218594573416205,42.129054466291166,41.80873888229771,41.318613269736744,41.03430561493616,41.17748582030978,40.50754974635468,40.2998079159171,39.83522271353473,39.45655471112352,39.388488628752775,39.29047754830382,38.67422437271075,38.59528561881724,38.48646786324084,38.078092436830715,38.231656094802595,37.76358081359291,38.03666931384572,37.04169340478659,37.210333376229435,36.52412366189744,36.63207908778151,36.34251779768804,36.46431650672171,35.94533979311645,35.96004577924807,35.26721190347688,35.281649634623044,35.36625131837205,34.9004407549605,34.85562816172822,34.66146162071585,34.368102976236166,34.04004329208416,34.016599430513054,34.00788044684492,33.61037711853275,33.3885614025541,33.45077141206026,33.06342730549694,32.9206083915793,32.60874791307192,32.67263486193623,32.37113649585553,32.19611933114004,32.217310635361656,32.1939316373879,31.86148943570841,31.724310049660986,31.613602494549458,31.484359608717718,31.324017885339046,31.37362192230368,30.90125899748568,30.987595840145463,30.653623820312394,30.474180800110812,30.49636066196479,30.23003051960083,29.962421897587845,30.177667938578647,30.118774049262765,29.934050661429566,29.5669459607449,29.436470720100623,29.50647186007621,29.276234410116118,29.341960300188322,28.942418238528127,29.08506942554981,28.652184443443296,28.774987962502426,28.631792717995964,28.47736660104947,28.43804916401952,28.277254751713087,28.26832803613712,28.211484995675594,28.06286910764323,27.680054703351566,27.742271561717214,27.535088303061947,27.53344958802233,27.54625993183574,27.162593430370485,27.348151938588472,27.198736040263885,27.035193409816408,26.86687774947057,26.83516219914949,26.63200857837494,26.769096954048976,26.592989080540864,26.555135055101477,26.306315735239004,26.345303634084814,26.116243836393195,26.218261971737057,26.064623465944358,26.024344570593755,25.88211593650286,25.898229467253728,25.755492710584136,25.561491776388017,25.56369350925043,25.56917521967797,25.419860100370776,25.31141700453902,25.193598513884695,25.243723745487088,25.05927084918534,25.034109849342897,24.80757823418853,24.75241789678891,24.864622794276283,24.669105384501844,24.67974654764252,24.520311858572732,24.460170453485805,24.367043840707073,24.322669105850675,24.33538616586229,24.13324058833911,24.088399058225335,23.989901193678126,23.95957867657544,23.926147083707335,23.83303502904705,23.641221103062474,23.790500313425706,23.66312267698596,23.577573694694724,23.403219563401567,23.30976989005882,23.331092290623488,23.189702755391377,23.171667694927695,23.199196829058035,23.049559069575132,23.021474773182437,22.942669033450354,22.996598942567335,22.7911250603904,22.71865869553793,22.717335118063918,22.570592368032056,22.56312398759015,22.40305318748345,22.499529360765152,22.445906376266425,22.28622948346174,22.217946259028114,22.259447782797643,22.14748057637722,22.019149771716755,22.043950837427946,21.936642341844514,21.938528806007067,21.829448598233682,21.808883222244674,21.715158762220593,21.67397835516342,21.71347588572465,21.59726716077764,21.635684830812096,21.487157358037447,21.48878557097236,21.41941106978133,21.35192534743693,21.30640714550792,21.27291357691075,21.184277084580813,21.074692811544534,21.070743971689215,20.97743773698627,21.00164529798303,20.935967656687495,20.908837756681372,20.724813113052583,20.770945827763477,20.724575166178884,20.685566787954656,20.595143269777918,20.608402621861227,20.499440008923532,20.39064982690728,20.43892285611344,20.377539539738315,20.272072500631197,20.238178873189106,20.238006060980418,20.191792942115985,20.1262418442343,20.057237831536497,20.027442241057237,19.988406297880204,19.94104223772298,19.86171057723762,19.869780180626588,19.789785360822727,19.7648253385889,19.74332812399394,19.666894815727492,19.628968568078417,19.54002478371895,19.495595882271815,19.531798792386635,19.458322444367674,19.416137950010796,19.337798657776695,19.30662638114806,19.24087731164702,19.217977401165626,19.140878341031506,19.08507827481082,19.09331222151514,19.003075820114397,18.965335244202915,18.9219386166275,18.887004284112265,18.84943100137783,18.760124003214372,18.712525492732482,18.675347382799092,18.62057807961077,18.565513805597263,18.51105009874623,18.45724411210351,18.396004940082598,18.355392393379645,18.271100373715576,18.18030367687384
98.5,269.66824939581,224.84333950815,201.1248607125225,181.80102617609077,167.285578126481,155.08682270074686,142.98569472153875,136.16288710584664,130.4395332233861,122.72195962007882,115.34211044659274,110.61597166588986,107.7373580066525,103.33121740800999,99.79401108768707,94.91247505444151,91.42367960315676,87.33677198173386,87.98049224404097,83.80653570579575,81.43269081420702,79.51248698811794,77.75076156979067,75.65040085099336,74.59343695148468,73.70304804521136,71.70103808159739,70.94261386930017,69.29463067787441,67.37922579774134,66.20744570160501,64.94187808796214,64.32518935814159,62.98169159690635,61.91342227416345,60.64179452022295,59.7686259490639,58.68051034769362,58.10802549675843,57.80042932487149,56.70441115946597,56.25498893439545,56.12675889210572,55.06842011644434,54.50813928593175,52.95993502330163,53.316506580645964,51.91790587838167,51.65369197701103,50.79897742016805,49.85213097577161,50.001936869262195,49.637757308204186,48.84514396872762,48.55244027900334,47.784982994620556,47.488176881072604,46.83830659995597,46.96469023372894,46.142650764964245,46.29850985910224,45.337460308670785,44.92904055047481,44.44144183868905,44.82926653946937,43.88696481809625,43.471415064999896,43.17157322890034,42.73359136557444,42.43968373680608,42.272050593709274,42.090674264307054,41.46810509298202,41.16341926694727,41.425478279393644,40.830715001254326,40.64289902639164,39.94744073834679,39.7153004842044,39.56919571955594,39.55069716255714,38.897309973345656,39.04185777663613,38.73620545485577,38.39538291656985,38.376185609915964,37.830865083905515,38.349652915753914,37.15011357539583,37.326291836534,36.83088026438842,36.978711640279016,36.49711273906098,36.59126256489878,36.08940638350597,36.21500236558129,35.54999645128971,35.545197923003556,35.574409388925865,35.03533952823517,34.96771106506883,34.80922085778245,34.66629939486307,34.18101068933162,34.22722463125302,34.162944731439794,33.76964615587122,33.58680839539413,33.55706071785925,33.163194231497485,33.08907133198828,32.854717358757384,33.01575878603953,32.58349298937706,32.40481783759309,32.306353036790334,32.458045251054834,31.946647538366882,31.88773541903821,31.856192693519798,31.61467041638019,31.429314552950487,31.482921366948027,30.982303320542453,31.030652103756545,30.88730120406132,30.56342417533632,30.710702897953688,30.318479869684957,30.120604966122716,30.333015237715955,30.210659222574197,30.016129846553834,29.697592963394484,29.594429468689693,29.62871306422418,29.323630483346314,29.575095864306462,29.15017740136389,29.240118400724672,28.728334268056827,28.864628974497194,28.88439071087512,28.553888782968716,28.53075950705857,28.320462387914258,28.338220780944063,28.360396348617282,28.111545998828507,27.745471876260055,27.83179524069063,27.74795623408628,27.63545363509585,27.674161932042527,27.27971197435757,27.481580930474912,27.25103411110137,27.18061696146812,26.94429309127015,26.978726719254958,26.76395702559832,27.02309728663348,26.688848801824822,26.713469636174146,26.399020377302342,26.430592675242355,26.22780780091073,26.342915341543716,26.130801642272377,26.096791146353976,25.944348765016837,26.06620193469775,25.847385429516788,25.663863118152232,25.636547748950207,25.644406870653263,25.549802409154513,25.345738845183376,25.27335857123857,25.301407471891682,25.23686531277294,25.131453915474868,24.871543828158604,24.822519991463167,24.936085116558715,24.794250120170222,24.76728045465121,24.593474926352677,24.52764449000309,24.415529355711623,24.388582493724012,24.451301651981254,24.19828906969389,24.192717580763112,24.012923965049705,24.148021882715366,24.002984280044682,23.949494774568915,23.77855792790458,23.87828523369257,23.713194568802674,23.67283174689932,23.46203822053779,23.355012876667406,23.408912144106615,23.252427696417904,23.29047721476908,23.277843885707686,23.14930295269385,23.10270893992871,23.013215545109773,23.071081267311946,22.898681110591745,22.77184850997974,22.74907212938151,22.60830005362357,22.588611405926834,22.496255229239566,22.612190619981988,22.587287121802404,22.3445755738583,22.282913473211515,22.32101665136225,22.291250007319338,22.06804204731682,22.074085604313275,21.963537629988995,22.00172893516362,21.87286229597437,21.844236587428448,21.77022927471772,21.717409151733154,21.75524033869518,21.66740012919195,21.70289950766866,21.53693892833031,21.54659124422314,21.46162132358982,21.396347044344143,21.363860829444523,21.325756600686688,21.241186741261703,21.106848969449267,21.12984782833881,20.99156891061256,21.030203704101886,20.990085204828105,20.956670993260406,20.79999372101857,20.822188105740683,20.795601789919132,20.72874256044281,20.647944556604294,20.638336692447435,20.51479623794989,20.411609646780608,20.475967354087864,20.418928790770696,20.321018489936,20.274889692389973,20.255309242855482,20.216589477531553,20.169309595918197,20.104929206300458,20.060634518956288,20.025165511171707,19.9800028528963,19.922340901438055,19.89574046427095,19.817076802994794,19.795753278705384,19.75974601685858,19.67914256272632,19.66296150692208,19.590421921698766,19.519756724883084,19.551126083238856,19.48106696604804,19.45730532881694,19.36076609491738,19.318566379000192,19.253538688368586,19.28887673934367,19.164100221610525,19.13340379910153,19.14084848599292,19.03376636039171,18.983927663357917,18.935651848816516,18.914713952144176,18.862388223590713,18.784130307764052,18.7295240714537,18.687501230371275,18.632353606451975,18.57967842594098,18.516557782732402,18.47220743377585,18.4094120640659,18.35924969274676,18.277305041656128,18.183218557556998
99,271.30833591,227.52126098656635,205.1785787983075,186.626934160222,171.408733936877,156.22229514069113,145.3623526413255,139.73286386644952,132.22083219693678,124.38920057066973,116.92687188007467,112.22811798154522,108.79674416851213,105.2361944056192,100.78520478110251,96.7949822250655,93.90545226277797,88.449873485128,89.60234910204359,85.7323736112676,83.44085268296621,80.10803142270522,78.62847687415214,76.28404429274121,75.36554468888474,74.46857882578304,72.88527548092847,71.39705443766897,70.24220833358824,68.4497997316837,67.16293438526162,65.47656507326838,65.79164973699238,63.599290940183565,62.58486316829349,61.25940495877517,60.86854513362655,59.158008556849616,58.50602458742497,58.4166153519063,57.002964769100956,56.536061306906724,56.334576971244275,55.24880077606368,55.00719860400282,53.4448066672478,54.73172226825434,52.376350833487216,51.91200760113404,51.38922260826874,50.07646717767311,50.68603959952143,50.14274866576326,49.03826755870315,49.131183945976794,48.05178945367766,47.803836804891446,47.43119041513255,47.17401951002012,46.481591589405134,46.76020232112394,45.643692587544486,45.23075007891908,44.69241205988566,45.176108126886696,44.24279551714396,43.735739843274835,43.80490113591027,43.142419586252785,43.030864435010855,42.55762262358395,42.37716619225345,41.759526489726404,41.38343578290777,41.75732777431445,41.219096550578364,40.842238001160645,40.39645988578562,40.06110183952342,39.8395229943801,39.649682522202596,39.20684702791821,39.12465014647694,38.95181548902561,39.016342017607286,38.885017590947264,38.017993867195955,38.70187640858383,37.48604517644093,37.58235201847057,36.9872459084541,37.37551474785323,36.75468927643934,36.96174811596338,36.27052577397897,36.54300610829799,35.817004219983225,35.78039905423384,35.79306515539704,35.28172891041534,35.18033347708119,35.03818490058551,34.87134063077819,34.64485207234833,34.38060906423591,34.45380308432386,33.89015993577036,33.85954668417756,33.66065600017976,33.48863238198189,33.35739823573876,32.9212897199834,33.1815149355996,32.75656391692378,32.70123351720187,32.58483786640363,32.728294190261536,32.11923894447312,32.222985731989326,32.063174223828206,31.83809135305465,31.58154781408141,31.68200490101838,31.181707427124252,31.399424831943076,31.110618945499873,30.694629601882877,30.880560585019015,30.391002459261976,30.27404346903448,30.466566988949438,30.3142224626725,30.379192077447264,29.872894117792274,29.77285422782356,29.733981151158485,29.43803983248499,29.781561155006067,29.3879077111032,29.351544937743416,29.09340004669084,28.94455642832653,29.147989402659544,28.720740647271434,28.878543621519892,28.612614115945853,28.40698821412157,28.511525541699612,28.24584042995377,27.963416133115118,28.053832244787152,27.89306509972145,27.7492217810268,27.882501829342345,27.442278806911403,27.54134946493688,27.43367879142261,27.366494528627054,27.09316454515335,27.225723013875594,26.988731919353956,27.199403320859904,26.802515465702555,26.85754612065711,26.554509752744057,26.593874837541588,26.31710327790171,26.432961500425584,26.256923608317503,26.275754264862808,26.125649708694667,26.252493297305094,25.948316510759863,25.80022917882268,25.706733785430732,25.695648976557873,25.66340625047993,25.486498763905765,25.371113886763844,25.38854598566667,25.2882731391742,25.24013854231461,24.97306619906425,24.87549200237506,25.123511955256888,24.861088404916874,24.839596816165574,24.782475071505203,24.586280092705355,24.63217487222488,24.461179622018218,24.564501121755228,24.26935159340044,24.283240854864918,24.09515171967064,24.233967933705447,24.18494533327526,24.062294388387283,23.932882478048512,23.9788220159268,23.867994017917006,23.749512606855703,23.531108254298683,23.45795487521571,23.577867478782863,23.303338951983775,23.40841887119328,23.325966636729156,23.184571117989076,23.216604051768606,23.09488844635487,23.16170779456298,23.009375587254066,22.86038304512931,22.851159019989087,22.767427658845744,22.65233748120541,22.62163515318843,22.67949110434658,22.665218225744887,22.431006682322312,22.429756072100293,22.373722911455776,22.339846223140302,22.103550084882333,22.178565230000633,22.081968231140987,22.02038790803572,21.98538715890055,21.940778018872056,21.811705592616406,21.77203513666278,21.78605625645629,21.748916527735762,21.741095027197208,21.59692420091896,21.559945532608747,21.491953991833235,21.4769549760802,21.408356107638483,21.424576419314754,21.31164602556226,21.179713231949897,21.192658907770678,21.102014563818386,21.102996846728885,21.028592152524666,21.052315233948285,20.922335533948804,20.849144170319114,20.86762880303964,20.834875695851007,20.713378255858924,20.67934574471765,20.592836647884862,20.495905017698576,20.532593569609872,20.51855426193809,20.414773263157134,20.306825429651877,20.35984852827028,20.25311658975394,20.225386461649574,20.150584069047017,20.09568433897122,20.035483580901982,20.042884039492364,19.971394006100308,19.968768281988858,19.875849880681503,19.826444987547546,19.806336696893148,19.733575855631887,19.704142035918487,19.62015387914809,19.551340721087143,19.60188058605319,19.515423698428048,19.464820649505743,19.405589752875272,19.33750952651773,19.282084989472544,19.310794407287464,19.2084761840322,19.150185052222646,19.195464446925254,19.06264554203069,19.029470232393994,18.9581569023532,18.933371460155648,18.885370093297958,18.840978186752814,18.74754335332089,18.70243169693314,18.65391707419382,18.602622159053123,18.551979098695334,18.489699837915605,18.429561307849266,18.36361319425309,18.294820738770788,18.20965443952069
99.5,276.23326729338186,229.86667842299332,211.14587788878737,189.80600207746048,177.05933230416665,162.9359058140087,151.52978815943248,145.3241288381581,135.15922593364573,125.94812472409937,119.9167725577906,113.47668518311369,109.5506647351947,108.24827389812752,102.96970514299066,99.27424532015893,95.43691332381887,89.68346675493329,91.83998240029294,88.1220234151389,84.33205148614078,80.92246495565499,80.04397972454663,77.19072166888428,75.97590633345797,76.74147936531764,73.87514834193732,72.7158836443031,70.70685671290946,69.54963819565866,68.19295518694803,66.83575769043969,67.05808889475838,63.77210565764487,63.62261221214151,63.267901932148874,62.08895231234907,59.94387901856266,59.36196111498792,59.769112602506716,57.54673453790833,56.766297797566104,56.95661071949338,56.548798521917725,55.66869680059339,54.12626383296248,55.42392408003287,52.78984629188406,52.233250281081375,51.83425022883187,51.01513929871276,51.041762751658624,51.285546597651965,50.11044642259116,49.5243670659811,48.599572628728296,48.37933978668724,48.14486178680552,48.73727849475064,47.622999990741036,47.05379813869619,47.25026366634211,46.007268606872486,45.266861794376524,45.76805230215619,44.859762953030916,44.730691318788544,44.36568221956789,43.732326832919284,43.387607209147355,42.70789429725169,42.88961549999932,42.04255564718272,41.87988427607338,42.42572120949204,42.03095717226011,41.36332572059632,40.57390972298699,40.90693502549771,40.27146279371278,39.86735809832394,39.47722044411457,40.09421154140722,39.191854043753814,39.45026995427136,39.644053644153715,38.5522789098309,38.98199658718053,38.09146035080767,38.02388194232582,37.377552936040054,37.65704235571946,37.13322311666503,37.467116438266686,36.87890638749873,37.13259548401388,36.08394944842716,35.97869465886741,36.13101018437308,35.50557172161457,35.514121234334574,35.59944677649273,35.326310061818425,35.396267684409956,35.210005596515664,34.853358185261754,34.16698016944059,34.11137965520774,33.92165607261261,33.94366299099357,33.61127621464035,33.47977908192353,33.670527235841824,33.242278902550694,33.230193804642354,33.0723519544895,33.04500646068839,32.65973365998441,32.550569584321046,32.27698175586299,32.2422077132135,31.9144869967672,31.942613474459105,31.298961542732332,31.791364324309516,31.357672607804833,31.391607645092424,31.073537017096236,31.011840253958923,30.44795512278485,30.669314516494353,30.661655658696983,30.65205791531479,30.420774374628813,30.09129706194724,30.01063297763571,29.60019340368682,30.108474248866848,29.67175902943455,29.498781547946162,29.38625249802508,29.063328048419454,29.411658461417847,28.978736921254825,29.00552582225934,28.80382138874004,28.484665167424705,28.662077443109787,28.450149282321565,28.280747610122997,28.27270598551379,28.205595549687548,27.92352129760337,28.076435988472102,27.55796567419079,28.099751116760682,27.745358395098293,27.588045299050997,27.175257877497152,27.325957885352967,27.165894055267994,27.389058954949107,27.09225148594808,27.076249530412255,26.874813570744625,26.75371649860074,26.512836288706172,26.516229383638574,26.457736205190187,26.406618955968447,26.328311820174616,26.433137479883467,26.15223904010213,25.968704825886814,25.869889119861295,26.18376868420269,25.75053691056418,25.553353646048034,25.526787457511343,25.55659834647194,25.473491495769494,25.385745572671876,25.21350590950098,25.047405304639103,25.345655775157,25.086477588609466,24.965938128574297,24.832779535860947,24.869968871007345,24.750052835643192,24.67579778277122,24.740361304919038,24.42349258543471,24.417503482227154,24.393431685450025,24.390498080855323,24.403861467870794,24.255714809913325,24.019509674267802,24.296194783525817,24.004400206920756,23.864026649691237,23.604119294879883,23.66268192570597,23.823736796305514,23.514445700919747,23.512270281919193,23.391490168994086,23.31802453188634,23.2668226653485,23.188126133205955,23.24701943031123,23.192854350640427,22.990152383418785,22.979516125480856,22.89086713438932,22.744278038521255,22.685153750298657,22.836112102372944,22.84978756222415,22.646472331325093,22.536114001903982,22.538902834906622,22.411736465975654,22.20160055117189,22.464126039368445,22.199642252469882,22.20599998297906,22.118378596498843,22.07727476369868,21.93196341933082,21.86848504533089,21.88663409364648,21.892293322944646,21.90413216798174,21.688652349270427,21.619585997339907,21.586469984997144,21.566537411603854,21.543808371571394,21.482784302594627,21.467295198807278,21.29172673262384,21.368769767207336,21.227514634594826,21.18491961009048,21.083581493426312,21.133252599709998,21.024078722567015,20.979785880323114,20.937531599557435,20.895898661611387,20.78249756737102,20.8228392669181,20.67195566109567,20.556332110204877,20.67094542532021,20.593088558841927,20.554410191958794,20.37513505761439,20.4459509592534,20.315518922204475,20.286221856735036,20.294863226559492,20.184107674578915,20.20734806339005,20.061377438999617,20.016000771010617,20.078539668433844,19.920709578832852,19.85063339964288,19.858784178969607,19.83436757459645,19.773580321904717,19.669787454601675,19.602159205625522,19.66519209675873,19.559014281521968,19.534843767054802,19.459408290195107,19.389599508323066,19.359354251235487,19.405507528611494,19.249777477320382,19.234077188852588,19.271694474073616,19.104470009606796,19.057359085764006,19.015826296215156,18.98215686293056,18.911553083354008,18.869563301644316,18.823041347441055,18.75271884148513,18.68764381072244,18.630353936445054,18.57621276491407,18.52529483022329,18.471455633961767,18.391700652328193,18.31834311163734,18.236735615268955
Median,181.9367928,159.8007343,144.66173845,134.3752891316,125.281667193,116.4658156018285,110.0981288276125,105.902025830111,99.73279451016,96.4134797630909,91.12561254566671,88.2915008324308,84.50212675180005,81.5904864728933,79.4758393994,77.0908843173741,74.13221163616666,72.2201361627416,70.69274233327499,68.95796721430006,67.30485495455,65.3519354887013,63.7128432270775,62.9314531571996,61.665448521034605,60.41044674664005,59.17299436883285,58.13989743839035,57.32214990681565,56.2011534686416,55.44906643290185,54.39587536053425,53.84626549728675,52.7211095090286,52.498116153004446,51.65808140627025,50.7554205009816,50.009320698162554,49.516830589118754,48.86334456967565,48.59377936201215,47.65412875307675,47.51485096185,46.77260075646085,46.3007198398904,45.7227857524715,45.403092540785394,44.8774012524157,44.4651623352674,43.924671064717046,43.47690415250675,43.01016071178285,42.6480152318711,42.37283791484925,42.01674646597965,41.633589816574,41.09178609560895,40.9723207341666,40.49329191581985,40.147449285101146,40.03895955086705,39.51643839576365,39.344446644802,38.81630013017215,38.73875386522015,38.684017839706556,38.188614664621,37.6266631446984,37.58494929140885,37.3227871301089,37.241459763198606,36.9587380234063,36.597133533360804,36.41829716616215,36.236812622845,35.9572632042982,35.818235224089,35.5108712203792,35.339644780586,35.042885792856296,34.885569031307455,34.624961544079554,34.39052744195655,34.220239122419656,34.119770656411845,34.0420904049202,33.57979513004625,33.383129200065696,33.35114058311465,33.117097130738,32.86473135771415,32.73139987627415,32.6399611200981,32.342013949781744,32.2254548688076,31.98708419977465,31.80293072534905,31.761956464673453,31.702993313671698,31.510251123811848,31.166696548832,31.13609244035535,30.956886181197802,30.843068567410747,30.57927870490055,30.52199278595225,30.39308842801635,30.18586831363605,30.101187942148798,29.8534528941264,29.80303175405725,29.73028833999365,29.4409670726157,29.5014320734757,29.3052562467532,29.19842899148035,29.15001728624215,28.90770903765975,28.7725305737276,28.685753699831203,28.5540563353729,28.3818694565202,28.3519612629351,28.211660227531553,28.0452439305518,27.9338347548343,27.9535187965425,27.7975683475941,27.722770879661148,27.66469953342215,27.5606160184603,27.41308273795785,27.2340409325424,27.0815110456814,27.08534712872755,26.9631913030115,26.79058517740435,26.783639038012602,26.616057009630403,26.63026517716705,26.4013700685021,26.41773055132075,26.217803857209802,26.141234221887352,26.1561842423401,25.984902545525003,25.87932610651865,25.83378764171995,25.731125158880552,25.70029165580075,25.5940088142763,25.47214137348585,25.3473339549275,25.314845043053452,25.2483453620483,25.146399243752,25.0544591501167,24.9792876035382,25.02275389279705,24.7722024476052,24.7190643142685,24.675962344637902,24.619675740984547,24.49936559490535,24.40832405408885,24.3722804889885,24.22611905248915,24.1987388579346,24.18856728558335,24.08676905125655,24.0501624697662,23.98354819537795,23.8775413229272,23.765302920299703,23.72975664462675,23.69499557489165,23.537067474447,23.524899763242352,23.52031594034485,23.41355180450485,23.37034242903605,23.24810090617235,23.16807166114305,23.11948506387775,23.08253969574165,22.99222683543455,22.9123472906134,22.8670946164073,22.869679383695953,22.7462989537363,22.73593054019235,22.62918139046215,22.53290952505155,22.577278149148853,22.4310970423665,22.3771739133486,22.28704565159,22.32448342811615,22.212849044158702,22.12790499627605,22.13179389021665,22.1315014964551,22.090653858246903,21.93722105947255,21.9076326545106,21.8722188263625,21.7794202467101,21.76951205198405,21.67422382504585,21.69884650478345,21.6023545184547,21.5293668019104,21.4602711967915,21.4525608099993,21.420320773945697,21.345504386907997,21.28129186876055,21.24322691463595,21.23381807332105,21.2071033373306,21.10432674509805,21.04674121688095,20.990435624646153,20.9511247191503,20.92449971226345,20.86966454855355,20.8507073882702,20.7507784981942,20.710636774667,20.6905918081237,20.60660924040425,20.6365162708994,20.576584116664698,20.53536505642455,20.48246408074255,20.4615935004556,20.3837257576111,20.33898187551555,20.315767985157002,20.25706479686885,20.27686672101455,20.15967489801255,20.1633543353967,20.088883918041503,20.0788814322761,20.0142628754572,19.982801921057202,19.922003336541152,19.88793304817025,19.8697329067376,19.86087563254,19.783037002205553,19.75167815409015,19.7037952130571,19.685938343399897,19.622430522932753,19.610805431044902,19.544452242312,19.51404811732695,19.46137370631845,19.4409084288064,19.41884748613765,19.3636782268239,19.3475641316047,19.2818410626084,19.28301394434775,19.22657192712865,19.1827936548097,19.1608089063783,19.1212594932251,19.11128681645485,19.0708897519775,19.002649711333753,18.99109698164785,18.96257677826885,18.91974790314595,18.8953050102322,18.87450687629045,18.83353090329345,18.7942516829962,18.76783003094295,18.73009502647615,18.71388399763545,18.66579999715635,18.6310861297167,18.5917222750968,18.57190859576515,18.5626138947776,18.4898446285768,18.4705199896075,18.439396366399897,18.4182378452501,18.364128672581202,18.342254514799897,18.317574636924952,18.291611012660198,18.2591570433735,18.2199747722501,18.2004808498426,18.1708692419544,18.14141585381715,18.1103248562798
Mean,180.386696115277,160.2116462815941,146.01428389808726,134.95093855941238,125.11128657553549,117.34525540482322,110.1570061455933,105.75709865493313,99.69291570726031,95.87849430161286,91.03488783067068,88.04311375734666,84.60275657748811,81.5437807208071,79.41234914949595,76.92185440362795,74.14514724277034,72.09170725127858,70.62473058271894,69.18254238426549,67.23606343190971,65.62051182934334,63.836563377119305,62.82910525902845,61.670802657370096,60.36348254689479,59.4271441544386,58.2540462102555,57.557206955584526,56.159828021770764,55.49427651138864,54.627701003078855,53.933798214250686,52.82522701138386,52.43594592955908,51.57083926248981,50.79599086542277,50.001823296763554,49.524373900974,48.94946958203269,48.49467803250479,47.785672137066896,47.47571661236171,46.80363137153094,46.37098915835639,45.74249845849079,45.441115095750966,44.876299273000896,44.356605624947456,43.94943451537047,43.37599607292905,43.14229159496595,42.70004279344,42.332056229217024,42.054394882957425,41.6502892769766,41.17339001831919,40.94356509670608,40.57451755864118,40.1906801747322,40.00426794734313,39.627431718608946,39.38856113590803,38.968328494550214,38.7400840129802,38.62386849721812,38.183491288017294,37.669361746921496,37.60491433814554,37.27664196636204,37.23862310145756,36.93476772096474,36.62041341986194,36.42387520226535,36.22877655828671,35.91833157765398,35.75031438985835,35.470338895479976,35.26256842909591,35.07928324659546,34.84112762995493,34.63451464212657,34.39578184923667,34.152944126253914,34.07275403745159,33.980006642676344,33.61770596968787,33.476007134056,33.30068310626653,33.10304606957402,32.87122737228362,32.72802805607711,32.59429994393461,32.3964539050717,32.27815123283491,32.06279334914338,31.756296523311452,31.754296003825335,31.71457942194041,31.470425874034156,31.181758056832898,31.16764450882886,30.986428285428694,30.85427520476389,30.628411427648796,30.535491857425832,30.39100514461807,30.190022437415617,30.095905600752346,29.94654384193492,29.794630985489196,29.6922382260491,29.515925929102742,29.45399351839529,29.271211557756665,29.230332762819558,29.159366069097,28.902706450167774,28.786399520328636,28.685884490263238,28.60052406416141,28.41961302309666,28.37649724677489,28.181041466598014,28.081203366541295,27.937542888444295,27.90861959780218,27.76226636370484,27.70065072160045,27.585117413838752,27.536192925798964,27.38155310399291,27.256678730888133,27.12454251151218,27.035956616526654,26.968835709757517,26.819828806311737,26.801494369143818,26.612650946078,26.628482778573126,26.439403990436965,26.380695950353587,26.21604365312542,26.148991513915945,26.12542042108233,25.967639857826473,25.882931607380474,25.82374336207223,25.7583130221574,25.66589771459952,25.562774504061093,25.466762990868638,25.361821323013977,25.31577437011138,25.19896175710379,25.162683268068236,25.059928668154054,24.969882504671325,24.957153238793094,24.782319783412206,24.723140396143418,24.70315541545212,24.618118621151595,24.520237758745367,24.379773598077847,24.381157527376722,24.24003295290879,24.221837752602354,24.15643585819452,24.09464605467188,24.01152387577233,23.975253911926092,23.90267517603153,23.754270469114783,23.728482879439007,23.687005148928428,23.571757718823424,23.53048893032995,23.5026244739878,23.379295800551684,23.37014529181,23.258347163894,23.18027841817935,23.121023876934416,23.094837473240617,22.99653516886892,22.939161402076337,22.899235562066576,22.840931039884193,22.752007302244614,22.72042098549038,22.662115244115025,22.554882773900577,22.53872012054589,22.413691889639093,22.410965316415552,22.29700947229044,22.325137573754255,22.205671057818442,22.141102622333236,22.12107740494085,22.089098919102184,22.044868399103304,21.934387694246478,21.928744505248904,21.854151165164264,21.787332885159973,21.758717378710134,21.678018829810817,21.681553961846113,21.592501523008924,21.5392891630358,21.473123913115987,21.47143956620399,21.40464405330935,21.35471054252171,21.312550787251336,21.231996495543648,21.225261116949884,21.18430570249045,21.09450811318842,21.042525356760088,20.98764595572606,20.93734066148008,20.918369584236054,20.860208766100577,20.825036143456153,20.764471631383117,20.714966333880273,20.673545928416985,20.614183407714467,20.607750425962724,20.570283315618518,20.50996084265096,20.483762306431906,20.45144401507399,20.373620717091832,20.342534153661784,20.315058631706787,20.25141056634909,20.241967644373485,20.17383752378485,20.141742237218292,20.095968211502054,20.04384829390418,20.020789399689072,19.97838011358433,19.93964080002252,19.88039269563894,19.861950472204544,19.836905416327923,19.791073691063147,19.731009541553547,19.701711995858048,19.66573675354294,19.606583008843348,19.60123585004828,19.5574149341389,19.510636930566164,19.474739674525605,19.445728422648987,19.410207649607297,19.354976585029384,19.33477477403635,19.27897801813665,19.27113025433087,19.212775110525392,19.182534370755633,19.154720122159638,19.108049193965112,19.098212998803895,19.06671995975759,19.002604136809488,18.995877617841362,18.950673108863427,18.911304521793852,18.891861915524736,18.867141019472953,18.828347652313955,18.783479789598204,18.750967899420278,18.712061910399573,18.71164205929797,18.661265297310216,18.621689694023946,18.595259911431828,18.556588065799072,18.544186868883386,18.486671972136566,18.459606396367978,18.432949682368672,18.40242487114508,18.36714373623571,18.334215271871326,18.306835434506052,18.283581659533787,18.253017930036414,18.21920031489285,18.190987580343403,18.163913706798926,18.131903742750946,18.10319895130185
